1	1141230024	9	1965
1	1173978588	67	5066
1	1226385966	40	3204
1	1227483489	27	7458
1	1210448137	3	1632
1	1217388853	41	1065
1	1220999052	23	816
17	1148119201	44	977
17	1207866800	83	787
17	1210512274	88	685
17	1218753405	48	1927
17	1221444841	61	5666
17	1202088778	1	822
17	1208387952	5	1185
17	1221874217	41	1072
17	1192008720	45	673
36	1226411583	27	805
36	1208358122	57	817
36	1217425349	60	718
36	1216611288	6	1980
36	1206716269	87	720
36	1224338423	48	1772
36	1224950259	54	678
36	1171033926	117	1459
36	1217497724	34	5088
36	1211413007	83	796
56	1202517968	86	931
56	1210768755	15	2594
56	1208056408	37	741
56	1221583332	46	2964
56	1211855929	38	963
56	1207131300	87	1286
56	1221188179	45	1116
56	1208609206	77	1038
72	1224910478	30	2052
72	1218045439	55	1764
72	1212196124	33	835
72	1220171828	28	2002
72	1159976016	27	1110
72	1214171089	43	2248
72	1217971708	73	1205
72	1203633643	4	681
72	1206710326	23	1533
72	1222320652	50	2644
72	1218004932	4	892
89	1206346800	5	841
89	1220750132	68	747
89	1204722763	27	833
89	1215075952	40	680
89	1215331315	2	1491
89	1221566652	4	3598
108	1216814849	65	786
108	1207040924	59	973
108	1212641147	70	891
108	1205957302	2	731
108	1209349192	85	855
108	1217142523	60	1619
108	1220036998	59	1321
108	1224262644	25	1391
108	1222837328	85	1251
108	1212511732	5	1130
108	1209357498	79	845
129	1210078155	2	911
129	1217160773	42	1839
129	1222730305	13	2711
129	1227285565	21	5611
129	1205514589	86	1127
129	1211848800	74	1199
129	1198559153	61	594
129	1213670522	40	1647
129	1225881210	26	1077
129	1217512285	10	1573
129	1170297032	30	6502
142	1223057515	43	1573
142	1230560579	50	716
142	1174675599	110	844
142	1219896747	13	3357
142	1210158939	22	1703
142	1208569583	56	678
142	1202105217	72	665
142	1209600041	83	855
142	1215125571	73	908
142	1217995636	38	1664
161	1209287549	74	1112
161	1218055860	27	920
161	1200478131	82	1039
161	1204557212	65	909
161	1223557054	52	1593
161	1211188940	58	670
161	1208803159	76	1062
161	1201565292	89	1074
161	1219025175	53	717
161	1211855249	74	1123
161	1219105774	4	2876
161	1209924653	90	1151
161	1204028932	80	748
161	1204076325	14	752
161	1215097610	40	1547
161	1169600300	44	954
161	1221380988	29	2170
177	1224822443	49	1287
177	1141629538	2	950
177	1216572170	35	1022
177	1210081878	79	869
177	1220370986	59	1867
177	1204730998	55	710
177	1217333811	48	1190
177	1213374853	9	2313
177	1195377187	57	824
191	1217916110	1	760
191	1209423805	3	667
191	1202157271	97	954
191	1198417953	82	680
191	1208998173	71	770
191	1162061585	25	3208
191	1175343368	42	1019
191	1224837204	2	2132
191	1168742812	40	4892
191	1211092384	47	938
191	1206495558	81	802
191	1217318085	32	2198
207	1226159509	40	918
207	1220998225	2	1326
207	1181200941	69	2434
207	1217204823	73	880
207	1208142271	48	667
207	1218619660	35	1439
207	1218141192	59	787
218	1212127247	54	3220
218	1206319645	90	991
218	1142865435	2	1358
218	1228987812	44	1140
218	1201352427	85	780
218	1226593504	5	3646
218	1201554877	4	3399
218	1201954528	4	1230
218	1224839612	55	957
218	1149973820	2	1705
218	1208239651	54	714
218	1203276845	81	667
218	1219804874	53	1083
235	1235953579	11	1037
235	1202284685	4	5162
235	1201947256	83	1040
235	1222048636	61	852
235	1161781198	66	882
235	1209366415	79	941
235	1202285184	81	902
235	1158142450	5	2619
235	1212669999	76	1113
235	1213868395	4	1141
255	1200179613	59	1186
255	1208055871	2	1641
255	1219318753	53	5842
255	1211501859	45	1179
255	1208648461	2	2012
255	1143985872	41	649
255	1205353583	4	924
255	1197535406	1	843
255	1231170300	69	3974
279	1222425408	75	1921
279	1199317859	62	693
279	1225313894	46	1128
279	1219507007	53	827
279	1206656755	52	1048
279	1170267302	37	1565
279	1206833417	79	745
291	1223288014	22	5410
291	1158996767	4	1498
291	1229863983	30	3116
291	1142146010	5	2195
291	1209839892	42	598
291	1198578279	77	1080
291	1216416129	41	950
291	1209973871	8	1477
291	1204467634	65	793
291	1204063771	5	594
291	1224846006	45	3683
291	1209303226	33	829
306	1213390736	83	870
306	1219832617	96	1624
306	1205344420	83	1378
306	1220318309	52	691
306	1207383918	4	1515
306	1207958405	53	781
306	1203525209	2	1378
306	1217604627	67	1688
306	1221808290	1	1789
306	1219474247	57	946
306	1205797522	61	694
306	1207382095	2	882
322	1218209135	63	3708
322	1145410324	7	1562
322	1223957229	38	1260
322	1220480750	2	2965
322	1224075200	24	1693
322	1199592180	80	1497
322	1222013168	64	1333
345	1221392265	44	2010
345	1202588431	52	789
345	1229232913	42	761
345	1208128399	4	1063
345	1226783352	2	6499
345	1204886873	72	1122
345	1220421346	21	2062
345	1211133115	11	2457
345	1218321756	4	832
368	1199691119	70	646
368	1210542764	2	759
368	1221668361	46	2022
368	1165940998	44	1626
368	1221652547	10	1145
368	1215606806	57	1275
368	1168061903	82	806
368	1221890906	52	957
368	1231470347	54	1676
368	1221682133	49	2439
368	1214589865	72	682
385	1207835983	43	1246
385	1211825031	45	821
385	1216206079	25	690
385	1195426059	83	803
385	1211103675	80	767
385	1219525214	47	5783
403	1210644984	78	1245
403	1165019029	46	832
403	1217451622	30	1838
403	1217912455	30	1971
403	1219940028	48	1186
403	1210812843	84	1302
403	1216691030	48	798
403	1218083472	31	910
403	1213682586	3	3022
403	1202632878	2	1002
403	1200831719	77	1090
403	1216576146	64	962
403	1217979006	31	1267
419	1214805249	37	659
419	1211886706	50	884
419	1221562983	41	1902
419	1215368105	4	3625
419	1219403857	10	2303
419	1207084341	54	1910
419	1214658440	45	1746
419	1220766059	25	1402
419	1211274178	43	788
419	1212505769	3	832
419	1136328156	2	1356
435	1206456532	83	1248
435	1221623121	41	2679
435	1224409726	28	6269
435	1181614651	73	1195
435	1225557854	13	3940
435	1216552522	48	2031
435	1209893164	58	1048
435	1226012343	87	1416
435	1200256169	59	989
435	1211517706	33	951
435	1208721119	85	924
447	1222477286	62	1594
447	1210781642	86	1482
447	1213979288	4	840
447	1190528520	54	614
447	1225201854	2	4697
447	1214783392	70	749
447	1218765006	73	2051
447	1201691872	4	677
447	1220619079	40	2221
447	1211776930	72	694
465	1217600782	62	1656
465	1208017041	95	750
465	1175946152	54	1101
465	1213880213	3	1227
465	1208017255	8	868
465	1205275434	2	1308
465	1200645213	81	711
465	1149916368	6	1292
465	1148887417	2	653
465	1218301664	40	1418
465	1165142668	51	1861
465	1222925880	44	948
481	1215175943	72	760
481	1211995576	80	1207
493	1220384073	49	1263
493	1224452119	41	1985
493	1205232928	4	625
493	1217863388	12	1333
493	1201168079	63	711
493	1223419038	53	3497
509	1173947485	52	3983
509	1213653914	74	765
509	1221276839	48	1815
509	1216810219	37	1395
509	1205427943	56	720
509	1148628356	3	2838
509	1138979383	8	1919
509	1222678690	5	1469
509	1201161565	98	1803
509	1222786670	65	1870
509	1217619357	59	1119
509	1211242617	88	606
534	1220319940	33	1367
534	1208197476	79	969
534	1200657333	77	614
534	1223300462	14	1928
534	1220103307	28	1019
534	1219810641	3	968
534	1203575386	93	1017
534	1156342887	6	3004
534	1208046604	12	1056
554	1218958497	27	1508
554	1212249053	51	1017
554	1224316472	16	1216
554	1209666802	83	1195
554	1223365655	58	711
554	1214824034	2	1056
554	1215943454	31	864
554	1223370748	56	1992
554	1169390471	42	724
554	1196936882	1	963
570	1218201944	62	977
570	1208609275	51	1182
570	1205691123	74	943
570	1218840577	70	2468
570	1208017498	19	681
570	1214792458	53	940
570	1207489875	67	931
570	1229499184	53	1823
584	1211132629	37	1791
584	1209984466	40	917
584	1216364813	71	1429
584	1214515504	79	3279
584	1221045921	56	1556
584	1203731154	62	1146
584	1226718098	29	3218
584	1223532687	37	996
584	1202120426	1	880
584	1175160114	62	6601
598	1211194604	13	1066
598	1220952333	51	4063
598	1211204767	77	817
598	1206582247	7	1100
598	1215587644	22	2097
598	1225873778	56	7071
598	1225544287	10	1066
616	1219720898	22	1668
616	1149260362	33	677
616	1217674031	27	2136
616	1218242295	59	2007
616	1210847041	77	990
616	1227342659	62	3468
616	1216951994	47	1178
616	1218917549	72	1387
616	1212138726	77	3108
616	1199935706	96	1094
616	1206517835	81	758
616	1212366199	1	1973
627	1220267015	25	1229
627	1216311662	69	829
627	1205061458	83	1291
627	1194152212	76	704
627	1210912398	80	761
627	1217226330	49	1096
627	1204206261	75	1081
627	1208775951	55	749
627	1209003277	2	1011
627	1218764955	42	1285
627	1225324818	51	3690
627	1219116661	5	1235
627	1209655618	5	1493
627	1204719754	3	980
646	1213938836	36	1301
646	1215808345	24	1316
646	1221300527	10	2988
646	1203514219	3	715
646	1225378515	40	2159
646	1223052040	30	1116
646	1212793271	72	1203
646	1221727393	62	1079
661	1212240891	82	968
661	1204056024	91	1122
661	1222040715	46	1457
661	1221020221	3	1029
661	1203446322	59	1487
661	1216746381	68	778
661	1212821626	79	736
661	1221179226	34	1025
661	1208492267	54	811
680	1219796032	46	2180
680	1220358761	4	889
680	1143465374	12	1023
680	1208143436	1	797
680	1178873867	53	1216
680	1204835553	63	972
680	1208057057	55	852
680	1151778277	4	2534
680	1213008311	87	2083
680	1205664614	82	874
680	1212013327	3	907
680	1218067543	58	846
680	1211915199	38	2375
680	1212711553	59	807
680	1145899353	3	2280
695	1226354313	50	846
695	1225418760	47	2519
695	1216515751	63	859
695	1218976571	56	1215
695	1223975738	5	1124
695	1216630399	5	1025
695	1213073316	4	1506
695	1212137149	26	1127
709	1212409841	52	1640
709	1210379281	61	880
709	1221752296	38	1028
709	1204581782	22	788
709	1215046021	52	1367
709	1150351022	52	1279
709	1208380837	6	1315
709	1208864742	46	2259
724	1217892428	64	1066
724	1229779133	48	3051
724	1166026714	63	1721
724	1212135128	85	2434
724	1217459114	67	836
742	1143522898	7	2535
742	1216239996	3	3304
742	1215331559	34	862
742	1214441877	35	679
742	1217088353	2	1635
742	1172451866	45	10581
742	1219551475	68	918
742	1203769431	79	1263
742	1214505815	28	3343
742	1224371805	4	5081
742	1176331805	19	5884
757	1219008972	32	4302
757	1214816080	66	1127
757	1206088812	8	3894
757	1217693787	19	1954
757	1211480504	47	629
757	1219596526	30	986
773	1143014865	3	1447
773	1209176543	98	782
773	1221225428	17	9657
773	1226348841	27	3751
773	1218445547	23	1759
773	1214334925	82	1520
773	1226699878	1	992
793	1225306919	54	2334
793	1178797834	39	2578
793	1205532732	85	859
793	1138093924	5	1723
793	1227034257	41	3233
793	1204572284	9	686
793	1218908977	29	1147
808	1203657256	69	822
808	1218900529	43	1135
808	1225729550	40	1043
808	1218338208	53	903
808	1211519787	6	1219
808	1209465270	30	798
808	1208515408	1	1146
808	1212096510	45	919
808	1215891277	31	1740
808	1168788081	48	582
823	1204838863	88	702
823	1233738737	68	1182
823	1216006778	79	1281
823	1220192067	60	3213
823	1221722073	6	867
823	1216474603	3	776
823	1209629959	36	3400
823	1224838115	47	5784
823	1214152129	42	1004
839	1196773425	57	1033
839	1217599501	35	1685
839	1213547093	4	727
839	1216613651	68	1898
839	1221142518	49	701
839	1218554050	45	2129
861	1202168395	4	1749
861	1207868437	7	1050
861	1216447791	30	1046
861	1221606629	41	1360
861	1206808827	3	779
861	1212003750	3	843
861	1221293416	52	1500
882	1215080546	80	756
882	1218980356	37	4682
882	1231946593	12	786
882	1224986389	56	2656
882	1210265448	88	1252
882	1195683946	31	1146
903	1216422433	67	859
903	1202166270	6	830
903	1210632775	96	1162
903	1226987689	23	1568
903	1216103124	31	1124
903	1212040018	41	980
903	1217130094	28	1901
919	1219234209	48	964
919	1221093346	13	2090
919	1217860339	24	1269
919	1219071056	72	1350
919	1206930974	93	668
919	1221238807	1	2198
919	1207035711	2	1156
936	1224827081	1	1174
936	1154375391	11	1428
936	1212783223	44	1705
936	1208247381	60	1171
936	1217283907	52	1120
936	1209041315	98	590
936	1227916600	47	1716
936	1163223440	67	1304
936	1219148537	62	904
936	1224758380	50	1306
952	1208195808	3	1580
952	1203641813	91	1498
952	1212636996	90	877
952	1199708407	66	727
952	1207397135	5	936
952	1151917490	33	726
952	1213573858	5	1250
952	1208612957	1	1025
952	1220089356	3	1300
952	1208110460	10	1114
972	1211988723	64	1223
972	1201022483	1	980
972	1221028827	23	2952
972	1212376116	13	1923
972	1223527488	4	1200
972	1159444663	2	3365
972	1212209811	79	1044
972	1215090754	30	779
972	1225573612	52	1387
972	1204208191	65	824
972	1135277885	5	910
992	1220012543	31	1370
992	1205721525	6	737
992	1211410251	3	862
992	1220393756	27	1832
992	1208764509	152	889
992	1220794813	43	1856
992	1219034295	43	1205
992	1202684867	3	1351
992	1214181325	41	970
992	1205696791	3	1896
992	1188493803	57	737
992	1222571946	53	1023
992	1229464407	34	1120
1008	1216460425	38	1220
1008	1202534414	7	725
1008	1158213334	4	2989
1008	1219508385	40	2178
1008	1229119704	58	4314
1008	1226274516	53	995
1008	1158715167	76	934
1008	1212996704	36	1332
1008	1213418126	82	967
1008	1207307308	60	1548
1008	1204631329	2	856
1027	1217976500	66	1063
1027	1214726772	74	917
1027	1207273946	1	876
1027	1214134928	51	1038
1027	1218970191	3	4932
1027	1213525947	4	814
1027	1210321168	48	1434
1027	1136409015	6	2958
1027	1196352700	1	1354
1027	1220605003	64	1378
1027	1218069743	1	1123
1027	1142437473	11	2622
1045	1195602392	60	780
1045	1210601294	44	924
1045	1212609536	61	1308
1045	1208681524	3	1136
1045	1167400759	81	1172
1045	1208545419	3	803
1045	1209027686	3	1641
1065	1209969546	4	996
1065	1207268334	1	906
1065	1201050848	102	586
1065	1212208958	46	822
1065	1209394589	79	1111
1065	1138130355	7	2696
1065	1219517272	21	3676
1065	1211483186	57	895
1065	1219828429	63	828
1065	1225000151	36	955
1065	1209666436	70	1458
1081	1222925452	44	898
1081	1211087421	14	1367
1081	1142651887	4	2680
1081	1209119890	51	1579
1081	1209689040	39	743
1081	1210576146	89	626
1081	1175403625	35	1014
1099	1211021206	11	970
1099	1212574395	4	1007
1099	1222446749	57	932
1099	1211437662	39	954
1099	1225656123	32	2931
1099	1212105624	82	890
1099	1224755330	43	912
1099	1232289803	68	1709
1099	1167780646	63	4886
1099	1157690712	8	2365
1099	1207836650	18	1097
1099	1209201855	57	1005
1099	1219295924	56	2014
1112	1223621930	56	1247
1112	1168167440	46	881
1112	1209713575	57	909
1112	1217355923	32	938
1112	1215937495	42	908
1112	1205359951	64	864
1112	1216967550	28	982
1112	1199746147	66	1013
1112	1222773243	49	5373
1112	1217301859	3	911
1112	1141931445	2	1032
1112	1218249855	53	1706
1112	1208524991	31	1979
1130	1217773014	54	790
1130	1208568898	68	1090
1130	1213124161	78	1089
1130	1211765061	60	1031
1130	1217935325	20	3372
1130	1214482059	68	1304
1130	1202820524	61	703
1130	1209717023	1	878
1130	1216352648	65	1807
1130	1219017943	37	968
1130	1219177796	5	1529
1130	1147219287	5	1656
1152	1217678292	44	879
1152	1212937842	78	938
1152	1208904993	3	609
1152	1225085183	33	3605
1152	1225419924	27	5119
1152	1217444888	4	1576
1152	1221874616	45	2914
1152	1208429385	46	726
1152	1230828149	50	3364
1152	1210092758	4	1601
1166	1208270440	45	1116
1166	1219619985	58	1168

