# format  : curve #1.x (tab) curve #1.y (tab) curve #2.x (tab) curve #2.y (tab) ...
# title   : Simulated Spectrum
# abscissa: Energy [eV]
# ordinate: Intensity [counts]
#==========================================================================================================
# Curve #1 (x,y): Config ##: 1
# Reference: W.S.M. Werner, W. Smekal and C. J. Powell, Simulation of Electron Spectra for Surface Analysis (SESSA V1.3) National Institute of Standards and Technology, Gaithersburg, MD (2010), 
# Reliability: 
# Remarks: 
#==========================================================================================================
5.000000e+001	3.637869e-006	
5.070801e+001	3.638790e-006	
5.141602e+001	3.639762e-006	
5.212402e+001	3.640788e-006	
5.283203e+001	3.641863e-006	
5.354004e+001	3.642987e-006	
5.424805e+001	3.644155e-006	
5.495605e+001	3.645359e-006	
5.566406e+001	3.646580e-006	
5.637207e+001	3.647814e-006	
5.708008e+001	3.649047e-006	
5.778809e+001	3.650293e-006	
5.849609e+001	3.651568e-006	
5.920410e+001	3.652904e-006	
5.991211e+001	3.654334e-006	
6.062012e+001	3.655874e-006	
6.132813e+001	3.657510e-006	
6.203613e+001	3.659130e-006	
6.274414e+001	3.660537e-006	
6.345215e+001	3.661555e-006	
6.416016e+001	3.662185e-006	
6.486816e+001	3.662570e-006	
6.557617e+001	3.662832e-006	
6.628418e+001	3.663078e-006	
6.699219e+001	3.663389e-006	
6.770020e+001	3.663804e-006	
6.840820e+001	3.664294e-006	
6.911621e+001	3.664808e-006	
6.982422e+001	3.665317e-006	
7.053223e+001	3.665839e-006	
7.124023e+001	3.666411e-006	
7.194824e+001	3.667056e-006	
7.265625e+001	3.667782e-006	
7.336426e+001	3.668580e-006	
7.407227e+001	3.669451e-006	
7.478027e+001	3.670388e-006	
7.548828e+001	3.671385e-006	
7.619629e+001	3.672440e-006	
7.690430e+001	3.673558e-006	
7.761230e+001	3.674738e-006	
7.832031e+001	3.675975e-006	
7.902832e+001	3.677266e-006	
7.973633e+001	3.678598e-006	
8.044434e+001	3.679957e-006	
8.115234e+001	3.681327e-006	
8.186035e+001	3.682696e-006	
8.256836e+001	3.684055e-006	
8.327637e+001	3.685393e-006	
8.398438e+001	3.686700e-006	
8.469238e+001	3.687957e-006	
8.540039e+001	3.689140e-006	
8.610840e+001	3.690228e-006	
8.681641e+001	3.691214e-006	
8.752441e+001	3.692106e-006	
8.823242e+001	3.692942e-006	
8.894043e+001	3.693762e-006	
8.964844e+001	3.694606e-006	
9.035645e+001	3.695496e-006	
9.106445e+001	3.696428e-006	
9.177246e+001	3.697333e-006	
9.248047e+001	3.698047e-006	
9.318848e+001	3.698388e-006	
9.389648e+001	3.698334e-006	
9.460449e+001	3.698086e-006	
9.531250e+001	3.697879e-006	
9.602051e+001	3.697835e-006	
9.672852e+001	3.697980e-006	
9.743652e+001	3.698298e-006	
9.814453e+001	3.698769e-006	
9.885254e+001	3.699398e-006	
9.956055e+001	3.700185e-006	
1.002686e+002	3.701130e-006	
1.009766e+002	3.702223e-006	
1.016846e+002	3.703439e-006	
1.023926e+002	3.704760e-006	
1.031006e+002	3.706178e-006	
1.038086e+002	3.707725e-006	
1.045166e+002	3.709462e-006	
1.052246e+002	3.711453e-006	
1.059326e+002	3.713754e-006	
1.066406e+002	3.716377e-006	
1.073486e+002	3.719231e-006	
1.080566e+002	3.722022e-006	
1.087646e+002	3.724262e-006	
1.094727e+002	3.725593e-006	
1.101807e+002	3.726205e-006	
1.108887e+002	3.726673e-006	
1.115967e+002	3.727474e-006	
1.123047e+002	3.728823e-006	
1.130127e+002	3.730637e-006	
1.137207e+002	3.732426e-006	
1.144287e+002	3.733377e-006	
1.151367e+002	3.732986e-006	
1.158447e+002	3.731586e-006	
1.165527e+002	3.729946e-006	
1.172607e+002	3.728616e-006	
1.179688e+002	3.727773e-006	
1.186768e+002	3.727381e-006	
1.193848e+002	3.727354e-006	
1.200928e+002	3.727610e-006	
1.208008e+002	3.728092e-006	
1.215088e+002	3.728754e-006	
1.222168e+002	3.729556e-006	
1.229248e+002	3.730464e-006	
1.236328e+002	3.731453e-006	
1.243408e+002	3.732509e-006	
1.250488e+002	3.733612e-006	
1.257568e+002	3.734747e-006	
1.264648e+002	3.735906e-006	
1.271729e+002	3.737076e-006	
1.278809e+002	3.738255e-006	
1.285889e+002	3.739435e-006	
1.292969e+002	3.740614e-006	
1.300049e+002	3.741786e-006	
1.307129e+002	3.742947e-006	
1.314209e+002	3.744097e-006	
1.321289e+002	3.745233e-006	
1.328369e+002	3.746356e-006	
1.335449e+002	3.747457e-006	
1.342529e+002	3.748541e-006	
1.349609e+002	3.749611e-006	
1.356689e+002	3.750672e-006	
1.363770e+002	3.751728e-006	
1.370850e+002	3.752787e-006	
1.377930e+002	3.753856e-006	
1.385010e+002	3.754938e-006	
1.392090e+002	3.756037e-006	
1.399170e+002	3.757159e-006	
1.406250e+002	3.758313e-006	
1.413330e+002	3.759499e-006	
1.420410e+002	3.760719e-006	
1.427490e+002	3.761971e-006	
1.434570e+002	3.763250e-006	
1.441650e+002	3.764561e-006	
1.448730e+002	3.765896e-006	
1.455811e+002	3.767255e-006	
1.462891e+002	3.768632e-006	
1.469971e+002	3.770027e-006	
1.477051e+002	3.771447e-006	
1.484131e+002	3.772896e-006	
1.491211e+002	3.774378e-006	
1.498291e+002	3.775889e-006	
1.505371e+002	3.777426e-006	
1.512451e+002	3.778979e-006	
1.519531e+002	3.780528e-006	
1.526611e+002	3.782030e-006	
1.533691e+002	3.783445e-006	
1.540771e+002	3.784778e-006	
1.547852e+002	3.786092e-006	
1.554932e+002	3.787434e-006	
1.562012e+002	3.788789e-006	
1.569092e+002	3.790098e-006	
1.576172e+002	3.791320e-006	
1.583252e+002	3.792509e-006	
1.590332e+002	3.793754e-006	
1.597412e+002	3.795071e-006	
1.604492e+002	3.796363e-006	
1.611572e+002	3.797484e-006	
1.618652e+002	3.798390e-006	
1.625732e+002	3.799185e-006	
1.632813e+002	3.800010e-006	
1.639893e+002	3.800950e-006	
1.646973e+002	3.802033e-006	
1.654053e+002	3.803256e-006	
1.661133e+002	3.804614e-006	
1.668213e+002	3.806087e-006	
1.675293e+002	3.807661e-006	
1.682373e+002	3.809318e-006	
1.689453e+002	3.811030e-006	
1.696533e+002	3.812744e-006	
1.703613e+002	3.814405e-006	
1.710693e+002	3.816023e-006	
1.717773e+002	3.817658e-006	
1.724854e+002	3.819362e-006	
1.731934e+002	3.821126e-006	
1.739014e+002	3.822867e-006	
1.746094e+002	3.824540e-006	
1.753174e+002	3.826181e-006	
1.760254e+002	3.827864e-006	
1.767334e+002	3.829600e-006	
1.774414e+002	3.831292e-006	
1.781494e+002	3.832793e-006	
1.788574e+002	3.834059e-006	
1.795654e+002	3.835188e-006	
1.802734e+002	3.836325e-006	
1.809814e+002	3.837560e-006	
1.816895e+002	3.838936e-006	
1.823975e+002	3.840451e-006	
1.831055e+002	3.842081e-006	
1.838135e+002	3.843766e-006	
1.845215e+002	3.845387e-006	
1.852295e+002	3.846821e-006	
1.859375e+002	3.848047e-006	
1.866455e+002	3.849173e-006	
1.873535e+002	3.850324e-006	
1.880615e+002	3.851581e-006	
1.887695e+002	3.852977e-006	
1.894775e+002	3.854517e-006	
1.901855e+002	3.856196e-006	
1.908936e+002	3.857991e-006	
1.916016e+002	3.859850e-006	
1.923096e+002	3.861704e-006	
1.930176e+002	3.863497e-006	
1.937256e+002	3.865249e-006	
1.944336e+002	3.867023e-006	
1.951416e+002	3.868864e-006	
1.958496e+002	3.870798e-006	
1.965576e+002	3.872821e-006	
1.972656e+002	3.874949e-006	
1.979736e+002	3.877180e-006	
1.986816e+002	3.879522e-006	
1.993896e+002	3.881978e-006	
2.000977e+002	3.884528e-006	
2.008057e+002	3.887109e-006	
2.015137e+002	3.889620e-006	
2.022217e+002	3.891942e-006	
2.029297e+002	3.894044e-006	
2.036377e+002	3.896004e-006	
2.043457e+002	3.897911e-006	
2.050537e+002	3.899816e-006	
2.057617e+002	3.901722e-006	
2.064697e+002	3.903609e-006	
2.071777e+002	3.905456e-006	
2.078857e+002	3.907255e-006	
2.085938e+002	3.909010e-006	
2.093018e+002	3.910731e-006	
2.100098e+002	3.912447e-006	
2.107178e+002	3.914172e-006	
2.114258e+002	3.915923e-006	
2.121338e+002	3.917715e-006	
2.128418e+002	3.919559e-006	
2.135498e+002	3.921483e-006	
2.142578e+002	3.923513e-006	
2.149658e+002	3.925676e-006	
2.156738e+002	3.927987e-006	
2.163818e+002	3.930441e-006	
2.170898e+002	3.933023e-006	
2.177979e+002	3.935706e-006	
2.185059e+002	3.938463e-006	
2.192139e+002	3.941274e-006	
2.199219e+002	3.944133e-006	
2.206299e+002	3.947036e-006	
2.213379e+002	3.949989e-006	
2.220459e+002	3.952979e-006	
2.227539e+002	3.955986e-006	
2.234619e+002	3.958970e-006	
2.241699e+002	3.961902e-006	
2.248779e+002	3.964785e-006	
2.255859e+002	3.967672e-006	
2.262939e+002	3.970637e-006	
2.270020e+002	3.973744e-006	
2.277100e+002	3.977014e-006	
2.284180e+002	3.980429e-006	
2.291260e+002	3.983941e-006	
2.298340e+002	3.987419e-006	
2.305420e+002	3.990593e-006	
2.312500e+002	3.993215e-006	
2.319580e+002	3.995389e-006	
2.326660e+002	3.997579e-006	
2.333740e+002	4.000150e-006	
2.340820e+002	4.003016e-006	
2.347900e+002	4.005672e-006	
2.354980e+002	4.007700e-006	
2.362061e+002	4.009310e-006	
2.369141e+002	4.011158e-006	
2.376221e+002	4.013826e-006	
2.383301e+002	4.017598e-006	
2.390381e+002	4.022551e-006	
2.397461e+002	4.028727e-006	
2.404541e+002	4.036264e-006	
2.411621e+002	4.045532e-006	
2.418701e+002	4.057207e-006	
2.425781e+002	4.072243e-006	
2.432861e+002	4.091800e-006	
2.439941e+002	4.116930e-006	
2.447021e+002	4.147714e-006	
2.454102e+002	4.181412e-006	
2.461182e+002	4.210407e-006	
2.468262e+002	4.224141e-006	
2.475342e+002	4.217638e-006	
2.482422e+002	4.196746e-006	
2.489502e+002	4.171975e-006	
2.496582e+002	4.150753e-006	
2.503662e+002	4.135872e-006	
2.510742e+002	4.127327e-006	
2.517822e+002	4.124163e-006	
2.524902e+002	4.125724e-006	
2.531982e+002	4.132314e-006	
2.539063e+002	4.145000e-006	
2.546143e+002	4.164845e-006	
2.553223e+002	4.191772e-006	
2.560303e+002	4.222618e-006	
2.567383e+002	4.249139e-006	
2.574463e+002	4.260252e-006	
2.581543e+002	4.250950e-006	
2.588623e+002	4.227295e-006	
2.595703e+002	4.199802e-006	
2.602783e+002	4.175812e-006	
2.609863e+002	4.158217e-006	
2.616943e+002	4.147358e-006	
2.624023e+002	4.142799e-006	
2.631104e+002	4.144238e-006	
2.638184e+002	4.151773e-006	
2.645264e+002	4.165895e-006	
2.652344e+002	4.187132e-006	
2.659424e+002	4.215044e-006	
2.666504e+002	4.246136e-006	
2.673584e+002	4.271748e-006	
2.680664e+002	4.280580e-006	
2.687744e+002	4.268009e-006	
2.694824e+002	4.240843e-006	
2.701904e+002	4.210052e-006	
2.708984e+002	4.182844e-006	
2.716064e+002	4.161623e-006	
2.723145e+002	4.146168e-006	
2.730225e+002	4.135422e-006	
2.737305e+002	4.128291e-006	
2.744385e+002	4.123835e-006	
2.751465e+002	4.121227e-006	
2.758545e+002	4.119751e-006	
2.765625e+002	4.118906e-006	
2.772705e+002	4.118539e-006	
2.779785e+002	4.118716e-006	
2.786865e+002	4.119488e-006	
2.793945e+002	4.120801e-006	
2.801025e+002	4.122531e-006	
2.808105e+002	4.124490e-006	
2.815186e+002	4.126491e-006	
2.822266e+002	4.128419e-006	
2.829346e+002	4.130291e-006	
2.836426e+002	4.132172e-006	
2.843506e+002	4.134110e-006	
2.850586e+002	4.136115e-006	
2.857666e+002	4.138179e-006	
2.864746e+002	4.140299e-006	
2.871826e+002	4.142486e-006	
2.878906e+002	4.144761e-006	
2.885986e+002	4.147146e-006	
2.893066e+002	4.149656e-006	
2.900146e+002	4.152284e-006	
2.907227e+002	4.155026e-006	
2.914307e+002	4.157883e-006	
2.921387e+002	4.160861e-006	
2.928467e+002	4.163975e-006	
2.935547e+002	4.167256e-006	
2.942627e+002	4.170735e-006	
2.949707e+002	4.174437e-006	
2.956787e+002	4.178371e-006	
2.963867e+002	4.182519e-006	
2.970947e+002	4.186859e-006	
2.978027e+002	4.191347e-006	
2.985107e+002	4.195954e-006	
2.992188e+002	4.200655e-006	
2.999268e+002	4.205437e-006	
3.006348e+002	4.210260e-006	
3.013428e+002	4.215070e-006	
3.020508e+002	4.219800e-006	
3.027588e+002	4.224431e-006	
3.034668e+002	4.229045e-006	
3.041748e+002	4.233815e-006	
3.048828e+002	4.238967e-006	
3.055908e+002	4.244733e-006	
3.062988e+002	4.251257e-006	
3.070068e+002	4.258482e-006	
3.077148e+002	4.265929e-006	
3.084229e+002	4.272461e-006	
3.091309e+002	4.276727e-006	
3.098389e+002	4.278350e-006	
3.105469e+002	4.278334e-006	
3.112549e+002	4.278060e-006	
3.119629e+002	4.278374e-006	
3.126709e+002	4.279550e-006	
3.133789e+002	4.281527e-006	
3.140869e+002	4.284152e-006	
3.147949e+002	4.287288e-006	
3.155029e+002	4.290830e-006	
3.162109e+002	4.294699e-006	
3.169189e+002	4.298833e-006	
3.176270e+002	4.303183e-006	
3.183350e+002	4.307697e-006	
3.190430e+002	4.312308e-006	
3.197510e+002	4.316992e-006	
3.204590e+002	4.321813e-006	
3.211670e+002	4.326917e-006	
3.218750e+002	4.332477e-006	
3.225830e+002	4.338668e-006	
3.232910e+002	4.345653e-006	
3.239990e+002	4.353436e-006	
3.247070e+002	4.361661e-006	
3.254150e+002	4.369472e-006	
3.261230e+002	4.375828e-006	
3.268311e+002	4.380412e-006	
3.275391e+002	4.383958e-006	
3.282471e+002	4.387527e-006	
3.289551e+002	4.391787e-006	
3.296631e+002	4.396936e-006	
3.303711e+002	4.402914e-006	
3.310791e+002	4.409580e-006	
3.317871e+002	4.416778e-006	
3.324951e+002	4.424322e-006	
3.332031e+002	4.432026e-006	
3.339111e+002	4.439704e-006	
3.346191e+002	4.447201e-006	
3.353271e+002	4.454379e-006	
3.360352e+002	4.461133e-006	
3.367432e+002	4.467386e-006	
3.374512e+002	4.473081e-006	
3.381592e+002	4.478147e-006	
3.388672e+002	4.482500e-006	
3.395752e+002	4.486084e-006	
3.402832e+002	4.488877e-006	
3.409912e+002	4.490890e-006	
3.416992e+002	4.492207e-006	
3.424072e+002	4.492952e-006	
3.431152e+002	4.493273e-006	
3.438232e+002	4.493249e-006	
3.445313e+002	4.492963e-006	
3.452393e+002	4.492496e-006	
3.459473e+002	4.491953e-006	
3.466553e+002	4.491514e-006	
3.473633e+002	4.491473e-006	
3.480713e+002	4.492137e-006	
3.487793e+002	4.493683e-006	
3.494873e+002	4.496168e-006	
3.501953e+002	4.499588e-006	
3.509033e+002	4.504024e-006	
3.516113e+002	4.509870e-006	
3.523193e+002	4.517753e-006	
3.530273e+002	4.528197e-006	
3.537354e+002	4.541271e-006	
3.544434e+002	4.556566e-006	
3.551514e+002	4.573450e-006	
3.558594e+002	4.591657e-006	
3.565674e+002	4.611704e-006	
3.572754e+002	4.634642e-006	
3.579834e+002	4.661372e-006	
3.586914e+002	4.692140e-006	
3.593994e+002	4.726403e-006	
3.601074e+002	4.762943e-006	
3.608154e+002	4.799494e-006	
3.615234e+002	4.832163e-006	
3.622314e+002	4.856464e-006	
3.629395e+002	4.870285e-006	
3.636475e+002	4.875591e-006	
3.643555e+002	4.876205e-006	
3.650635e+002	4.873743e-006	
3.657715e+002	4.866131e-006	
3.664795e+002	4.850061e-006	
3.671875e+002	4.824010e-006	
3.678955e+002	4.789777e-006	
3.686035e+002	4.751986e-006	
3.693115e+002	4.715968e-006	
3.700195e+002	4.685792e-006	
3.707275e+002	4.661516e-006	
3.714355e+002	4.638182e-006	
3.721436e+002	4.609831e-006	
3.728516e+002	4.574315e-006	
3.735596e+002	4.534868e-006	
3.742676e+002	4.497651e-006	
3.749756e+002	4.465373e-006	
3.756836e+002	4.439921e-006	
3.763916e+002	4.425274e-006	
3.770996e+002	4.422907e-006	
3.778076e+002	4.430376e-006	
3.785156e+002	4.444089e-006	
3.792236e+002	4.460763e-006	
3.799316e+002	4.479165e-006	
3.806396e+002	4.502775e-006	
3.813477e+002	4.541037e-006	
3.820557e+002	4.600955e-006	
3.827637e+002	4.662948e-006	
3.834717e+002	4.684784e-006	
3.841797e+002	4.661004e-006	
3.848877e+002	4.633008e-006	
3.855957e+002	4.629861e-006	
3.863037e+002	4.669039e-006	
3.870117e+002	4.768792e-006	
3.877197e+002	4.984859e-006	
3.884277e+002	5.516426e-006	
3.891357e+002	7.112082e-006	
3.898438e+002	9.167205e-006	
3.905518e+002	7.349272e-006	
3.912598e+002	5.603359e-006	
3.919678e+002	4.933985e-006	
3.926758e+002	4.678663e-006	
3.933838e+002	4.560192e-006	
3.940918e+002	4.497374e-006	
3.947998e+002	4.461188e-006	
3.955078e+002	4.439324e-006	
3.962158e+002	4.425851e-006	
3.969238e+002	4.417632e-006	
3.976318e+002	4.412878e-006	
3.983398e+002	4.410513e-006	
3.990479e+002	4.409855e-006	
3.997559e+002	4.410458e-006	
4.004639e+002	4.412012e-006	
4.011719e+002	4.414310e-006	
4.018799e+002	4.417200e-006	
4.025879e+002	4.420570e-006	
4.032959e+002	4.424341e-006	
4.040039e+002	4.428454e-006	
4.047119e+002	4.432858e-006	
4.054199e+002	4.437512e-006	
4.061279e+002	4.442379e-006	
4.068359e+002	4.447429e-006	
4.075439e+002	4.452629e-006	
4.082520e+002	4.457961e-006	
4.089600e+002	4.463395e-006	
4.096680e+002	4.468915e-006	
4.103760e+002	4.474499e-006	
4.110840e+002	4.480133e-006	
4.117920e+002	4.485804e-006	
4.125000e+002	4.491499e-006	
4.132080e+002	4.497221e-006	
4.139160e+002	4.502962e-006	
4.146240e+002	4.508727e-006	
4.153320e+002	4.514527e-006	
4.160400e+002	4.520380e-006	
4.167480e+002	4.526304e-006	
4.174561e+002	4.532286e-006	
4.181641e+002	4.538334e-006	
4.188721e+002	4.544467e-006	
4.195801e+002	4.550704e-006	
4.202881e+002	4.557061e-006	
4.209961e+002	4.563536e-006	
4.217041e+002	4.570124e-006	
4.224121e+002	4.576815e-006	
4.231201e+002	4.583600e-006	
4.238281e+002	4.590478e-006	
4.245361e+002	4.597448e-006	
4.252441e+002	4.604511e-006	
4.259521e+002	4.611668e-006	
4.266602e+002	4.618914e-006	
4.273682e+002	4.626228e-006	
4.280762e+002	4.633590e-006	
4.287842e+002	4.640970e-006	
4.294922e+002	4.648363e-006	
4.302002e+002	4.655792e-006	
4.309082e+002	4.663316e-006	
4.316162e+002	4.671010e-006	
4.323242e+002	4.678937e-006	
4.330322e+002	4.687152e-006	
4.337402e+002	4.695687e-006	
4.344482e+002	4.704512e-006	
4.351563e+002	4.713434e-006	
4.358643e+002	4.722098e-006	
4.365723e+002	4.730324e-006	
4.372803e+002	4.738405e-006	
4.379883e+002	4.746832e-006	
4.386963e+002	4.755761e-006	
4.394043e+002	4.764741e-006	
4.401123e+002	4.773043e-006	
4.408203e+002	4.780440e-006	
4.415283e+002	4.787456e-006	
4.422363e+002	4.794837e-006	
4.429443e+002	4.802983e-006	
4.436523e+002	4.811975e-006	
4.443604e+002	4.821769e-006	
4.450684e+002	4.832342e-006	
4.457764e+002	4.843694e-006	
4.464844e+002	4.855784e-006	
4.471924e+002	4.868498e-006	
4.479004e+002	4.881673e-006	
4.486084e+002	4.895061e-006	
4.493164e+002	4.908335e-006	
4.500244e+002	4.921093e-006	
4.507324e+002	4.933042e-006	
4.514404e+002	4.944227e-006	
4.521484e+002	4.955007e-006	
4.528564e+002	4.965637e-006	
4.535645e+002	4.975957e-006	
4.542725e+002	4.985481e-006	
4.549805e+002	4.993707e-006	
4.556885e+002	5.000518e-006	
4.563965e+002	5.006425e-006	
4.571045e+002	5.012253e-006	
4.578125e+002	5.018719e-006	
4.585205e+002	5.026120e-006	
4.592285e+002	5.034174e-006	
4.599365e+002	5.042278e-006	
4.606445e+002	5.050034e-006	
4.613525e+002	5.057560e-006	
4.620605e+002	5.065464e-006	
4.627686e+002	5.074211e-006	
4.634766e+002	5.083979e-006	
4.641846e+002	5.095072e-006	
4.648926e+002	5.107755e-006	
4.656006e+002	5.121914e-006	
4.663086e+002	5.137205e-006	
4.670166e+002	5.153308e-006	
4.677246e+002	5.170039e-006	
4.684326e+002	5.187524e-006	
4.691406e+002	5.206484e-006	
4.698486e+002	5.227957e-006	
4.705566e+002	5.251326e-006	
4.712646e+002	5.272899e-006	
4.719727e+002	5.290326e-006	
4.726807e+002	5.306619e-006	
4.733887e+002	5.325640e-006	
4.740967e+002	5.349647e-006	
4.748047e+002	5.379558e-006	
4.755127e+002	5.416285e-006	
4.762207e+002	5.464064e-006	
4.769287e+002	5.545719e-006	
4.776367e+002	5.707841e-006	
4.783447e+002	5.688162e-006	
4.790527e+002	5.571860e-006	
4.797607e+002	5.512801e-006	
4.804688e+002	5.498143e-006	
4.811768e+002	5.498458e-006	
4.818848e+002	5.505104e-006	
4.825928e+002	5.514975e-006	
4.833008e+002	5.526594e-006	
4.840088e+002	5.539143e-006	
4.847168e+002	5.552156e-006	
4.854248e+002	5.565341e-006	
4.861328e+002	5.578588e-006	
4.868408e+002	5.591989e-006	
4.875488e+002	5.605733e-006	
4.882568e+002	5.619926e-006	
4.889648e+002	5.634631e-006	
4.896729e+002	5.649979e-006	
4.903809e+002	5.666293e-006	
4.910889e+002	5.684175e-006	
4.917969e+002	5.704676e-006	
4.925049e+002	5.729104e-006	
4.932129e+002	5.758704e-006	
4.939209e+002	5.794220e-006	
4.946289e+002	5.835088e-006	
4.953369e+002	5.878082e-006	
4.960449e+002	5.916719e-006	
4.967529e+002	5.944544e-006	
4.974609e+002	5.961213e-006	
4.981689e+002	5.972928e-006	
4.988770e+002	5.986423e-006	
4.995850e+002	6.004990e-006	
5.002930e+002	6.029483e-006	
5.010010e+002	6.060542e-006	
5.017090e+002	6.099172e-006	
5.024170e+002	6.146009e-006	
5.031250e+002	6.200656e-006	
5.038330e+002	6.261587e-006	
5.045410e+002	6.326261e-006	
5.052490e+002	6.390543e-006	
5.059570e+002	6.447986e-006	
5.066650e+002	6.491552e-006	
5.073730e+002	6.518082e-006	
5.080811e+002	6.530847e-006	
5.087891e+002	6.536213e-006	
5.094971e+002	6.537403e-006	
5.102051e+002	6.532433e-006	
5.109131e+002	6.518001e-006	
5.116211e+002	6.494014e-006	
5.123291e+002	6.465564e-006	
5.130371e+002	6.441456e-006	
5.137451e+002	6.429803e-006	
5.144531e+002	6.432672e-006	
5.151611e+002	6.439505e-006	
5.158691e+002	6.427689e-006	
5.165771e+002	6.379745e-006	
5.172852e+002	6.300339e-006	
5.179932e+002	6.211984e-006	
5.187012e+002	6.136832e-006	
5.194092e+002	6.084090e-006	
5.201172e+002	6.058342e-006	
5.208252e+002	6.067386e-006	
5.215332e+002	6.115328e-006	
5.222412e+002	6.198587e-006	
5.229492e+002	6.309270e-006	
5.236572e+002	6.438182e-006	
5.243652e+002	6.577720e-006	
5.250732e+002	6.724749e-006	
5.257813e+002	6.881987e-006	
5.264893e+002	7.046478e-006	
5.271973e+002	7.178610e-006	
5.279053e+002	7.218622e-006	
5.286133e+002	7.172421e-006	
5.293213e+002	7.109858e-006	
5.300293e+002	7.077933e-006	
5.307373e+002	7.102945e-006	
5.314453e+002	7.230701e-006	
5.321533e+002	7.609354e-006	
5.328613e+002	8.751499e-006	
5.335693e+002	1.244473e-005	
5.342773e+002	1.590610e-005	
5.349854e+002	1.235612e-005	
5.356934e+002	8.347589e-006	
5.364014e+002	6.788856e-006	
5.371094e+002	6.093850e-006	
5.378174e+002	5.686713e-006	
5.385254e+002	5.410302e-006	
5.392334e+002	5.209329e-006	
5.399414e+002	5.067532e-006	
5.406494e+002	4.983850e-006	
5.413574e+002	4.951419e-006	
5.420654e+002	4.956072e-006	
5.427734e+002	4.982954e-006	
5.434814e+002	5.021195e-006	
5.441895e+002	5.071000e-006	
5.448975e+002	5.151853e-006	
5.456055e+002	5.299006e-006	
5.463135e+002	5.508025e-006	
5.470215e+002	5.670764e-006	
5.477295e+002	5.680017e-006	
5.484375e+002	5.593132e-006	
5.491455e+002	5.541762e-006	
5.498535e+002	5.617457e-006	
5.505615e+002	5.889319e-006	
5.512695e+002	6.491912e-006	
5.519775e+002	7.851459e-006	
5.526855e+002	1.154749e-005	
5.533936e+002	2.174508e-005	
5.541016e+002	2.346593e-005	
5.548096e+002	1.479644e-005	
5.555176e+002	8.618461e-006	
5.562256e+002	6.470297e-006	
5.569336e+002	5.578940e-006	
5.576416e+002	5.133143e-006	
5.583496e+002	4.879970e-006	
5.590576e+002	4.722980e-006	
5.597656e+002	4.619241e-006	
5.604736e+002	4.547327e-006	
5.611816e+002	4.495570e-006	
5.618896e+002	4.457188e-006	
5.625977e+002	4.428009e-006	
5.633057e+002	4.405342e-006	
5.640137e+002	4.387399e-006	
5.647217e+002	4.372961e-006	
5.654297e+002	4.361186e-006	
5.661377e+002	4.351497e-006	
5.668457e+002	4.343519e-006	
5.675537e+002	4.336995e-006	
5.682617e+002	4.331760e-006	
5.689697e+002	4.327645e-006	
5.696777e+002	4.324400e-006	
5.703857e+002	4.321612e-006	
5.710938e+002	4.318802e-006	
5.718018e+002	4.315766e-006	
5.725098e+002	4.312726e-006	
5.732178e+002	4.310079e-006	
5.739258e+002	4.308101e-006	
5.746338e+002	4.306901e-006	
5.753418e+002	4.306449e-006	
5.760498e+002	4.306652e-006	
5.767578e+002	4.307386e-006	
5.774658e+002	4.308545e-006	
5.781738e+002	4.310095e-006	
5.788818e+002	4.312078e-006	
5.795898e+002	4.314538e-006	
5.802979e+002	4.317425e-006	
5.810059e+002	4.320596e-006	
5.817139e+002	4.323832e-006	
5.824219e+002	4.326983e-006	
5.831299e+002	4.330080e-006	
5.838379e+002	4.333335e-006	
5.845459e+002	4.336973e-006	
5.852539e+002	4.341105e-006	
5.859619e+002	4.345673e-006	
5.866699e+002	4.350477e-006	
5.873779e+002	4.355106e-006	
5.880859e+002	4.358817e-006	
5.887939e+002	4.360683e-006	
5.895020e+002	4.360172e-006	
5.902100e+002	4.357624e-006	
5.909180e+002	4.353996e-006	
5.916260e+002	4.349965e-006	
5.923340e+002	4.345392e-006	
5.930420e+002	4.339649e-006	
5.937500e+002	4.332311e-006	
5.944580e+002	4.323628e-006	
5.951660e+002	4.314631e-006	
5.958740e+002	4.306794e-006	
5.965820e+002	4.301447e-006	
5.972900e+002	4.298989e-006	
5.979980e+002	4.298413e-006	
5.987061e+002	4.298067e-006	
5.994141e+002	4.297022e-006	
6.001221e+002	4.295875e-006	
6.008301e+002	4.296373e-006	
6.015381e+002	4.299642e-006	
6.022461e+002	4.305779e-006	
6.029541e+002	4.314687e-006	
6.036621e+002	4.326011e-006	
6.043701e+002	4.339003e-006	
6.050781e+002	4.352451e-006	
6.057861e+002	4.364434e-006	
6.064941e+002	4.373225e-006	
6.072021e+002	4.379178e-006	
6.079102e+002	4.385389e-006	
6.086182e+002	4.395045e-006	
6.093262e+002	4.404893e-006	
6.100342e+002	4.404252e-006	
6.107422e+002	4.388078e-006	
6.114502e+002	4.364174e-006	
6.121582e+002	4.341689e-006	
6.128662e+002	4.326541e-006	
6.135742e+002	4.323413e-006	
6.142822e+002	4.340120e-006	
6.149902e+002	4.400965e-006	
6.156982e+002	4.600072e-006	
6.164063e+002	4.914235e-006	
6.171143e+002	4.746607e-006	
6.178223e+002	4.405900e-006	
6.185303e+002	4.255689e-006	
6.192383e+002	4.193366e-006	
6.199463e+002	4.161782e-006	
6.206543e+002	4.145778e-006	
6.213623e+002	4.139568e-006	
6.220703e+002	4.139518e-006	
6.227783e+002	4.143019e-006	
6.234863e+002	4.148382e-006	
6.241943e+002	4.155465e-006	
6.249023e+002	4.166641e-006	
6.256104e+002	4.186250e-006	
6.263184e+002	4.213285e-006	
6.270264e+002	4.233268e-006	
6.277344e+002	4.232019e-006	
6.284424e+002	4.216684e-006	
6.291504e+002	4.203675e-006	
6.298584e+002	4.203011e-006	
6.305664e+002	4.219478e-006	
6.312744e+002	4.260553e-006	
6.319824e+002	4.353160e-006	
6.326904e+002	4.602181e-006	
6.333984e+002	5.260561e-006	
6.341064e+002	5.366727e-006	
6.348145e+002	4.793409e-006	
6.355225e+002	4.386636e-006	
6.362305e+002	4.248449e-006	
6.369385e+002	4.193118e-006	
6.376465e+002	4.167300e-006	
6.383545e+002	4.154283e-006	
6.390625e+002	4.147672e-006	
6.397705e+002	4.144651e-006	
6.404785e+002	4.143860e-006	
6.411865e+002	4.144612e-006	
6.418945e+002	4.146536e-006	
6.426025e+002	4.149398e-006	
6.433105e+002	4.152911e-006	
6.440186e+002	4.156580e-006	
6.447266e+002	4.159667e-006	
6.454346e+002	4.161609e-006	
6.461426e+002	4.162488e-006	
6.468506e+002	4.162933e-006	
6.475586e+002	4.163548e-006	
6.482666e+002	4.164629e-006	
6.489746e+002	4.166221e-006	
6.496826e+002	4.168262e-006	
6.503906e+002	4.170664e-006	
6.510986e+002	4.173356e-006	
6.518066e+002	4.176298e-006	
6.525146e+002	4.179471e-006	
6.532227e+002	4.182865e-006	
6.539307e+002	4.186469e-006	
6.546387e+002	4.190274e-006	
6.553467e+002	4.194254e-006	
6.560547e+002	4.198385e-006	
6.567627e+002	4.202631e-006	
6.574707e+002	4.206964e-006	
6.581787e+002	4.211360e-006	
6.588867e+002	4.215800e-006	
6.595947e+002	4.220258e-006	
6.603027e+002	4.224697e-006	
6.610107e+002	4.229082e-006	
6.617188e+002	4.233406e-006	
6.624268e+002	4.237733e-006	
6.631348e+002	4.242193e-006	
6.638428e+002	4.246959e-006	
6.645508e+002	4.252209e-006	
6.652588e+002	4.258072e-006	
6.659668e+002	4.264522e-006	
6.666748e+002	4.271162e-006	
6.673828e+002	4.277063e-006	
6.680908e+002	4.281097e-006	
6.687988e+002	4.282880e-006	
6.695068e+002	4.283187e-006	
6.702148e+002	4.283218e-006	
6.709229e+002	4.283788e-006	
6.716309e+002	4.285176e-006	
6.723389e+002	4.287373e-006	
6.730469e+002	4.290257e-006	
6.737549e+002	4.293715e-006	
6.744629e+002	4.297646e-006	
6.751709e+002	4.301981e-006	
6.758789e+002	4.306664e-006	
6.765869e+002	4.311652e-006	
6.772949e+002	4.316892e-006	
6.780029e+002	4.322334e-006	
6.787109e+002	4.327955e-006	
6.794189e+002	4.333759e-006	
6.801270e+002	4.339785e-006	
6.808350e+002	4.346088e-006	
6.815430e+002	4.352717e-006	
6.822510e+002	4.359681e-006	
6.829590e+002	4.366899e-006	
6.836670e+002	4.374099e-006	
6.843750e+002	4.380744e-006	
6.850830e+002	4.386192e-006	
6.857910e+002	4.390196e-006	
6.864990e+002	4.393095e-006	
6.872070e+002	4.395472e-006	
6.879150e+002	4.397726e-006	
6.886230e+002	4.400003e-006	
6.893311e+002	4.402299e-006	
6.900391e+002	4.404578e-006	
6.907471e+002	4.406818e-006	
6.914551e+002	4.409040e-006	
6.921631e+002	4.411300e-006	
6.928711e+002	4.413651e-006	
6.935791e+002	4.416134e-006	
6.942871e+002	4.418770e-006	
6.949951e+002	4.421578e-006	
6.957031e+002	4.424581e-006	
6.964111e+002	4.427834e-006	
6.971191e+002	4.431429e-006	
6.978271e+002	4.435477e-006	
6.985352e+002	4.440058e-006	
6.992432e+002	4.445228e-006	
6.999512e+002	4.451003e-006	
7.006592e+002	4.457356e-006	
7.013672e+002	4.464228e-006	
7.020752e+002	4.471557e-006	
7.027832e+002	4.479288e-006	
7.034912e+002	4.487380e-006	
7.041992e+002	4.495765e-006	
7.049072e+002	4.504326e-006	
7.056152e+002	4.512891e-006	
7.063232e+002	4.521314e-006	
7.070313e+002	4.529593e-006	
7.077393e+002	4.537963e-006	
7.084473e+002	4.546864e-006	
7.091553e+002	4.556829e-006	
7.098633e+002	4.568334e-006	
7.105713e+002	4.581582e-006	
7.112793e+002	4.595979e-006	
7.119873e+002	4.609388e-006	
7.126953e+002	4.618144e-006	
7.134033e+002	4.619289e-006	
7.141113e+002	4.613423e-006	
7.148193e+002	4.604279e-006	
7.155273e+002	4.595622e-006	
7.162354e+002	4.589415e-006	
7.169434e+002	4.586039e-006	
7.176514e+002	4.584950e-006	
7.183594e+002	4.585050e-006	
7.190674e+002	4.585133e-006	
7.197754e+002	4.584646e-006	
7.204834e+002	4.584032e-006	
7.211914e+002	4.584155e-006	
7.218994e+002	4.585592e-006	
7.226074e+002	4.588563e-006	
7.233154e+002	4.593152e-006	
7.240234e+002	4.599445e-006	
7.247314e+002	4.607505e-006	
7.254395e+002	4.617328e-006	
7.261475e+002	4.628847e-006	
7.268555e+002	4.642053e-006	
7.275635e+002	4.657037e-006	
7.282715e+002	4.673802e-006	
7.289795e+002	4.691714e-006	
7.296875e+002	4.709294e-006	
7.303955e+002	4.725140e-006	
7.311035e+002	4.739291e-006	
7.318115e+002	4.753021e-006	
7.325195e+002	4.767205e-006	
7.332275e+002	4.781474e-006	
7.339355e+002	4.794881e-006	
7.346436e+002	4.806788e-006	
7.353516e+002	4.816746e-006	
7.360596e+002	4.823885e-006	
7.367676e+002	4.827294e-006	
7.374756e+002	4.826961e-006	
7.381836e+002	4.823693e-006	
7.388916e+002	4.818594e-006	
7.395996e+002	4.812986e-006	
7.403076e+002	4.808287e-006	
7.410156e+002	4.805589e-006	
7.417236e+002	4.805002e-006	
7.424316e+002	4.805016e-006	
7.431396e+002	4.803187e-006	
7.438477e+002	4.797900e-006	
7.445557e+002	4.789400e-006	
7.452637e+002	4.779520e-006	
7.459717e+002	4.769803e-006	
7.466797e+002	4.760872e-006	
7.473877e+002	4.753913e-006	
7.480957e+002	4.750223e-006	
7.488037e+002	4.749942e-006	
7.495117e+002	4.752425e-006	
7.502197e+002	4.756850e-006	
7.509277e+002	4.762516e-006	
7.516357e+002	4.769508e-006	
7.523438e+002	4.779436e-006	
7.530518e+002	4.794700e-006	
7.537598e+002	4.812930e-006	
7.544678e+002	4.822705e-006	
7.551758e+002	4.816287e-006	
7.558838e+002	4.803124e-006	
7.565918e+002	4.796782e-006	
7.572998e+002	4.804029e-006	
7.580078e+002	4.828780e-006	
7.587158e+002	4.878853e-006	
7.594238e+002	4.983648e-006	
7.601318e+002	5.256870e-006	
7.608398e+002	5.802239e-006	
7.615479e+002	5.810660e-006	
7.622559e+002	5.301169e-006	
7.629639e+002	5.061648e-006	
7.636719e+002	4.999858e-006	
7.643799e+002	4.996505e-006	
7.650879e+002	5.021665e-006	
7.657959e+002	5.069092e-006	
7.665039e+002	5.139622e-006	
7.672119e+002	5.235396e-006	
7.679199e+002	5.354548e-006	
7.686279e+002	5.482741e-006	
7.693359e+002	5.585798e-006	
7.700439e+002	5.620265e-006	
7.707520e+002	5.567195e-006	
7.714600e+002	5.451017e-006	
7.721680e+002	5.315546e-006	
7.728760e+002	5.191770e-006	
7.735840e+002	5.090813e-006	
7.742920e+002	5.012407e-006	
7.750000e+002	4.952828e-006	
7.757080e+002	4.908552e-006	
7.764160e+002	4.877194e-006	
7.771240e+002	4.857322e-006	
7.778320e+002	4.848027e-006	
7.785400e+002	4.848319e-006	
7.792480e+002	4.856182e-006	
7.799561e+002	4.867255e-006	
7.806641e+002	4.874810e-006	
7.813721e+002	4.873464e-006	
7.820801e+002	4.863999e-006	
7.827881e+002	4.852637e-006	
7.834961e+002	4.845901e-006	
7.842041e+002	4.847810e-006	
7.849121e+002	4.860583e-006	
7.856201e+002	4.885983e-006	
7.863281e+002	4.925889e-006	
7.870361e+002	4.982025e-006	
7.877441e+002	5.054310e-006	
7.884521e+002	5.137053e-006	
7.891602e+002	5.214266e-006	
7.898682e+002	5.262135e-006	
7.905762e+002	5.265476e-006	
7.912842e+002	5.232938e-006	
7.919922e+002	5.189501e-006	
7.927002e+002	5.157523e-006	
7.934082e+002	5.148888e-006	
7.941162e+002	5.167607e-006	
7.948242e+002	5.212259e-006	
7.955322e+002	5.273710e-006	
7.962402e+002	5.330564e-006	
7.969482e+002	5.352869e-006	
7.976563e+002	5.321356e-006	
7.983643e+002	5.243919e-006	
7.990723e+002	5.146785e-006	
7.997803e+002	5.053480e-006	
8.004883e+002	4.975394e-006	
8.011963e+002	4.914540e-006	
8.019043e+002	4.868827e-006	
8.026123e+002	4.835294e-006	
8.033203e+002	4.811331e-006	
8.040283e+002	4.794928e-006	
8.047363e+002	4.784610e-006	
8.054443e+002	4.779337e-006	
8.061523e+002	4.778380e-006	
8.068604e+002	4.781262e-006	
8.075684e+002	4.787690e-006	
8.082764e+002	4.797452e-006	
8.089844e+002	4.810357e-006	
8.096924e+002	4.826227e-006	
8.104004e+002	4.845048e-006	
8.111084e+002	4.867184e-006	
8.118164e+002	4.893471e-006	
8.125244e+002	4.925147e-006	
8.132324e+002	4.963616e-006	
8.139404e+002	5.010099e-006	
8.146484e+002	5.064695e-006	
8.153564e+002	5.124440e-006	
8.160645e+002	5.180563e-006	
8.167725e+002	5.219042e-006	
8.174805e+002	5.229094e-006	
8.181885e+002	5.212850e-006	
8.188965e+002	5.182814e-006	
8.196045e+002	5.150744e-006	
8.203125e+002	5.122094e-006	
8.210205e+002	5.097513e-006	
8.217285e+002	5.075821e-006	
8.224365e+002	5.055711e-006	
8.231445e+002	5.036350e-006	
8.238525e+002	5.017399e-006	
8.245605e+002	4.998801e-006	
8.252686e+002	4.980555e-006	
8.259766e+002	4.962591e-006	
8.266846e+002	4.944854e-006	
8.273926e+002	4.927455e-006	
8.281006e+002	4.910826e-006	
8.288086e+002	4.895685e-006	
8.295166e+002	4.882930e-006	
8.302246e+002	4.873452e-006	
8.309326e+002	4.868037e-006	
8.316406e+002	4.867322e-006	
8.323486e+002	4.871782e-006	
8.330566e+002	4.881729e-006	
8.337646e+002	4.897350e-006	
8.344727e+002	4.918820e-006	
8.351807e+002	4.946336e-006	
8.358887e+002	4.979982e-006	
8.365967e+002	5.019551e-006	
8.373047e+002	5.064537e-006	
8.380127e+002	5.114724e-006	
8.387207e+002	5.171372e-006	
8.394287e+002	5.238358e-006	
8.401367e+002	5.322305e-006	
8.408447e+002	5.431736e-006	
8.415527e+002	5.575720e-006	
8.422607e+002	5.761197e-006	
8.429688e+002	5.985839e-006	
8.436768e+002	6.223604e-006	
8.443848e+002	6.412780e-006	
8.450928e+002	6.477771e-006	
8.458008e+002	6.390974e-006	
8.465088e+002	6.202402e-006	
8.472168e+002	5.990659e-006	
8.479248e+002	5.803294e-006	
8.486328e+002	5.646545e-006	
8.493408e+002	5.507667e-006	
8.500488e+002	5.378231e-006	
8.507568e+002	5.260816e-006	
8.514648e+002	5.161528e-006	
8.521729e+002	5.082930e-006	
8.528809e+002	5.023035e-006	
8.535889e+002	4.977429e-006	
8.542969e+002	4.941761e-006	
8.550049e+002	4.913287e-006	
8.557129e+002	4.891333e-006	
8.564209e+002	4.876696e-006	
8.571289e+002	4.870537e-006	
8.578369e+002	4.873307e-006	
8.585449e+002	4.884046e-006	
8.592529e+002	4.901292e-006	
8.599609e+002	4.925588e-006	
8.606689e+002	4.961121e-006	
8.613770e+002	5.015344e-006	
8.620850e+002	5.095670e-006	
8.627930e+002	5.204314e-006	
8.635010e+002	5.332571e-006	
8.642090e+002	5.452422e-006	
8.649170e+002	5.518975e-006	
8.656250e+002	5.499643e-006	
8.663330e+002	5.403250e-006	
8.670410e+002	5.269976e-006	
8.677490e+002	5.139003e-006	
8.684570e+002	5.032791e-006	
8.691650e+002	4.959884e-006	
8.698730e+002	4.917128e-006	
8.705811e+002	4.886718e-006	
8.712891e+002	4.849032e-006	
8.719971e+002	4.805552e-006	
8.727051e+002	4.771178e-006	
8.734131e+002	4.754607e-006	
8.741211e+002	4.760178e-006	
8.748291e+002	4.795184e-006	
8.755371e+002	4.887840e-006	
8.762451e+002	5.148399e-006	
8.769531e+002	5.811337e-006	
8.776611e+002	6.092959e-006	
8.783691e+002	5.428021e-006	
8.790771e+002	4.948995e-006	
8.797852e+002	4.792697e-006	
8.804932e+002	4.734684e-006	
8.812012e+002	4.712571e-006	
8.819092e+002	4.706968e-006	
8.826172e+002	4.710545e-006	
8.833252e+002	4.720086e-006	
8.840332e+002	4.733998e-006	
8.847412e+002	4.751438e-006	
8.854492e+002	4.771926e-006	
8.861572e+002	4.795148e-006	
8.868652e+002	4.820843e-006	
8.875732e+002	4.848600e-006	
8.882813e+002	4.877652e-006	
8.889893e+002	4.906895e-006	
8.896973e+002	4.935285e-006	
8.904053e+002	4.962125e-006	
8.911133e+002	4.986846e-006	
8.918213e+002	5.008721e-006	
8.925293e+002	5.026945e-006	
8.932373e+002	5.040924e-006	
8.939453e+002	5.050364e-006	
8.946533e+002	5.055223e-006	
8.953613e+002	5.055560e-006	
8.960693e+002	5.051473e-006	
8.967773e+002	5.043198e-006	
8.974854e+002	5.031277e-006	
8.981934e+002	5.016618e-006	
8.989014e+002	5.000371e-006	
8.996094e+002	4.983670e-006	
9.003174e+002	4.967390e-006	
9.010254e+002	4.952047e-006	
9.017334e+002	4.937885e-006	
9.024414e+002	4.925159e-006	
9.031494e+002	4.914461e-006	
9.038574e+002	4.906803e-006	
9.045654e+002	4.903489e-006	
9.052734e+002	4.905936e-006	
9.059814e+002	4.915507e-006	
9.066895e+002	4.933231e-006	
9.073975e+002	4.959604e-006	
9.081055e+002	4.994605e-006	
9.088135e+002	5.037910e-006	
9.095215e+002	5.089233e-006	
9.102295e+002	5.148474e-006	
9.109375e+002	5.215673e-006	
9.116455e+002	5.290630e-006	
9.123535e+002	5.372824e-006	
9.130615e+002	5.462302e-006	
9.137695e+002	5.561585e-006	
9.144775e+002	5.677318e-006	
9.151855e+002	5.820511e-006	
9.158936e+002	6.005695e-006	
9.166016e+002	6.249287e-006	
9.173096e+002	6.564388e-006	
9.180176e+002	6.945702e-006	
9.187256e+002	7.341248e-006	
9.194336e+002	7.632426e-006	
9.201416e+002	7.680065e-006	
9.208496e+002	7.439172e-006	
9.215576e+002	7.007169e-006	
9.222656e+002	6.530829e-006	
9.229736e+002	6.105363e-006	
9.236816e+002	5.761673e-006	
9.243896e+002	5.496031e-006	
9.250977e+002	5.293697e-006	
9.258057e+002	5.139781e-006	
9.265137e+002	5.022882e-006	
9.272217e+002	4.935495e-006	
9.279297e+002	4.872888e-006	
9.286377e+002	4.831859e-006	
9.293457e+002	4.811121e-006	
9.300537e+002	4.811244e-006	
9.307617e+002	4.832933e-006	
9.314697e+002	4.875887e-006	
9.321777e+002	4.938672e-006	
9.328857e+002	5.018358e-006	
9.335938e+002	5.110002e-006	
9.343018e+002	5.207050e-006	
9.350098e+002	5.305459e-006	
9.357178e+002	5.409930e-006	
9.364258e+002	5.532646e-006	
9.371338e+002	5.686056e-006	
9.378418e+002	5.878592e-006	
9.385498e+002	6.100197e-006	
9.392578e+002	6.301777e-006	
9.399658e+002	6.413281e-006	
9.406738e+002	6.413212e-006	
9.413818e+002	6.399750e-006	
9.420898e+002	6.665195e-006	
9.427979e+002	7.878217e-006	
9.435059e+002	8.867568e-006	
9.442139e+002	7.472190e-006	
9.449219e+002	5.828786e-006	
9.456299e+002	5.196628e-006	
9.463379e+002	4.888966e-006	
9.470459e+002	4.703586e-006	
9.477539e+002	4.578708e-006	
9.484619e+002	4.486516e-006	
9.491699e+002	4.409140e-006	
9.498779e+002	4.336243e-006	
9.505859e+002	4.265537e-006	
9.512939e+002	4.200571e-006	
9.520020e+002	4.145008e-006	
9.527100e+002	4.099628e-006	
9.534180e+002	4.066750e-006	
9.541260e+002	4.048919e-006	
9.548340e+002	4.044690e-006	
9.555420e+002	4.050248e-006	
9.562500e+002	4.062087e-006	
9.569580e+002	4.078262e-006	
9.576660e+002	4.100794e-006	
9.583740e+002	4.137808e-006	
9.590820e+002	4.199307e-006	
9.597900e+002	4.277939e-006	
9.604980e+002	4.334805e-006	
9.612061e+002	4.336685e-006	
9.619141e+002	4.301826e-006	
9.626221e+002	4.268529e-006	
9.633301e+002	4.258728e-006	
9.640381e+002	4.293870e-006	
9.647461e+002	4.409237e-006	
9.654541e+002	4.717636e-006	
9.661621e+002	5.632640e-006	
9.668701e+002	7.278475e-006	
9.675781e+002	7.415790e-006	
9.682861e+002	5.365286e-006	
9.689941e+002	4.500145e-006	
9.697021e+002	4.192996e-006	
9.704102e+002	4.057957e-006	
9.711182e+002	3.988798e-006	
9.718262e+002	3.949914e-006	
9.725342e+002	3.926894e-006	
9.732422e+002	3.913016e-006	
9.739502e+002	3.904780e-006	
9.746582e+002	3.900220e-006	
9.753662e+002	3.898164e-006	
9.760742e+002	3.897878e-006	
9.767822e+002	3.898896e-006	
9.774902e+002	3.900895e-006	
9.781982e+002	3.903628e-006	
9.789063e+002	3.906890e-006	
9.796143e+002	3.910503e-006	
9.803223e+002	3.914294e-006	
9.810303e+002	3.918089e-006	
9.817383e+002	3.921723e-006	
9.824463e+002	3.925041e-006	
9.831543e+002	3.927920e-006	
9.838623e+002	3.930289e-006	
9.845703e+002	3.932122e-006	
9.852783e+002	3.933436e-006	
9.859863e+002	3.934273e-006	
9.866943e+002	3.934711e-006	
9.874023e+002	3.934863e-006	
9.881104e+002	3.934889e-006	
9.888184e+002	3.934969e-006	
9.895264e+002	3.935267e-006	
9.902344e+002	3.935882e-006	
9.909424e+002	3.936853e-006	
9.916504e+002	3.938174e-006	
9.923584e+002	3.939849e-006	
9.930664e+002	3.941931e-006	
9.937744e+002	3.944512e-006	
9.944824e+002	3.947711e-006	
9.951904e+002	3.951685e-006	
9.958984e+002	3.956678e-006	
9.966064e+002	3.963073e-006	
9.973145e+002	3.971353e-006	
9.980225e+002	3.982032e-006	
9.987305e+002	3.995571e-006	
9.994385e+002	4.012230e-006	
1.000146e+003	4.031690e-006	
1.000854e+003	4.052345e-006	
1.001563e+003	4.071048e-006	
1.002271e+003	4.084708e-006	
1.002979e+003	4.093186e-006	
1.003687e+003	4.099855e-006	
1.004395e+003	4.109157e-006	
1.005103e+003	4.124655e-006	
1.005811e+003	4.149048e-006	
1.006519e+003	4.184646e-006	
1.007227e+003	4.233106e-006	
1.007935e+003	4.293634e-006	
1.008643e+003	4.359079e-006	
1.009351e+003	4.412409e-006	
1.010059e+003	4.431859e-006	
1.010767e+003	4.407788e-006	
1.011475e+003	4.352707e-006	
1.012183e+003	4.288903e-006	
1.012891e+003	4.231784e-006	
1.013599e+003	4.186638e-006	
1.014307e+003	4.153073e-006	
1.015015e+003	4.128887e-006	
1.015723e+003	4.111812e-006	
1.016431e+003	4.100004e-006	
1.017139e+003	4.092100e-006	
1.017847e+003	4.087101e-006	
1.018555e+003	4.084306e-006	
1.019263e+003	4.083195e-006	
1.019971e+003	4.083403e-006	
1.020679e+003	4.084650e-006	
1.021387e+003	4.086733e-006	
1.022095e+003	4.089503e-006	
1.022803e+003	4.092832e-006	
1.023511e+003	4.096637e-006	
1.024219e+003	4.100840e-006	
1.024927e+003	4.105386e-006	
1.025635e+003	4.110223e-006	
1.026343e+003	4.115315e-006	
1.027051e+003	4.120623e-006	
1.027759e+003	4.126113e-006	
1.028467e+003	4.131753e-006	
1.029175e+003	4.137512e-006	
1.029883e+003	4.143360e-006	
1.030591e+003	4.149277e-006	
1.031299e+003	4.155240e-006	
1.032007e+003	4.161228e-006	
1.032715e+003	4.167233e-006	
1.033423e+003	4.173238e-006	
1.034131e+003	4.179236e-006	
1.034839e+003	4.185221e-006	
1.035547e+003	4.191198e-006	
1.036255e+003	4.197167e-006	
1.036963e+003	4.203142e-006	
1.037671e+003	4.209134e-006	
1.038379e+003	4.215155e-006	
1.039087e+003	4.221226e-006	
1.039795e+003	4.227367e-006	
1.040503e+003	4.233591e-006	
1.041211e+003	4.239921e-006	
1.041919e+003	4.246381e-006	
1.042627e+003	4.252996e-006	
1.043335e+003	4.259787e-006	
1.044043e+003	4.266793e-006	
1.044751e+003	4.274030e-006	
1.045459e+003	4.281531e-006	
1.046167e+003	4.289334e-006	
1.046875e+003	4.297485e-006	
1.047583e+003	4.306019e-006	
1.048291e+003	4.314971e-006	
1.048999e+003	4.324368e-006	
1.049707e+003	4.334217e-006	
1.050415e+003	4.344527e-006	
1.051123e+003	4.355300e-006	
1.051831e+003	4.366538e-006	
1.052539e+003	4.378231e-006	
1.053247e+003	4.390326e-006	
1.053955e+003	4.402720e-006	
1.054663e+003	4.415219e-006	
1.055371e+003	4.427584e-006	
1.056079e+003	4.439523e-006	
1.056787e+003	4.450724e-006	
1.057495e+003	4.460909e-006	
1.058203e+003	4.469895e-006	
1.058911e+003	4.477598e-006	
1.059619e+003	4.484019e-006	
1.060327e+003	4.489168e-006	
1.061035e+003	4.493060e-006	
1.061743e+003	4.495739e-006	
1.062451e+003	4.497337e-006	
1.063159e+003	4.498071e-006	
1.063867e+003	4.498236e-006	
1.064575e+003	4.498118e-006	
1.065283e+003	4.497933e-006	
1.065991e+003	4.497766e-006	
1.066699e+003	4.497642e-006	
1.067407e+003	4.497570e-006	
1.068115e+003	4.497671e-006	
1.068823e+003	4.498223e-006	
1.069531e+003	4.499556e-006	
1.070239e+003	4.502066e-006	
1.070947e+003	4.506123e-006	
1.071655e+003	4.511982e-006	
1.072363e+003	4.519809e-006	
1.073071e+003	4.529693e-006	
1.073779e+003	4.541645e-006	
1.074487e+003	4.555665e-006	
1.075195e+003	4.571852e-006	
1.075903e+003	4.590348e-006	
1.076611e+003	4.611277e-006	
1.077319e+003	4.634682e-006	
1.078027e+003	4.660788e-006	
1.078735e+003	4.690426e-006	
1.079443e+003	4.725598e-006	
1.080151e+003	4.769668e-006	
1.080859e+003	4.827049e-006	
1.081567e+003	4.902620e-006	
1.082275e+003	5.000148e-006	
1.082983e+003	5.118363e-006	
1.083691e+003	5.243154e-006	
1.084399e+003	5.341224e-006	
1.085107e+003	5.371427e-006	
1.085815e+003	5.317989e-006	
1.086523e+003	5.207667e-006	
1.087231e+003	5.083382e-006	
1.087939e+003	4.973275e-006	
1.088647e+003	4.886371e-006	
1.089355e+003	4.821523e-006	
1.090063e+003	4.774510e-006	
1.090771e+003	4.741060e-006	
1.091479e+003	4.717719e-006	
1.092188e+003	4.701901e-006	
1.092896e+003	4.691679e-006	
1.093604e+003	4.685651e-006	
1.094312e+003	4.682838e-006	
1.095020e+003	4.682532e-006	
1.095728e+003	4.684150e-006	
1.096436e+003	4.687222e-006	
1.097144e+003	4.691373e-006	
1.097852e+003	4.696196e-006	
1.098560e+003	4.701262e-006	
1.099268e+003	4.706203e-006	
1.099976e+003	4.710731e-006	
1.100684e+003	4.714584e-006	
1.101392e+003	4.717554e-006	
1.102100e+003	4.719521e-006	
1.102808e+003	4.720418e-006	
1.103516e+003	4.720144e-006	
1.104224e+003	4.718612e-006	
1.104932e+003	4.715853e-006	
1.105640e+003	4.712016e-006	
1.106348e+003	4.707319e-006	
1.107056e+003	4.702059e-006	
1.107764e+003	4.696597e-006	
1.108472e+003	4.691227e-006	
1.109180e+003	4.686092e-006	
1.109888e+003	4.681287e-006	
1.110596e+003	4.677021e-006	
1.111304e+003	4.673594e-006	
1.112012e+003	4.671475e-006	
1.112720e+003	4.671238e-006	
1.113428e+003	4.673321e-006	
1.114136e+003	4.677799e-006	
1.114844e+003	4.684402e-006	
1.115552e+003	4.692749e-006	
1.116260e+003	4.702791e-006	
1.116968e+003	4.715093e-006	
1.117676e+003	4.730531e-006	
1.118384e+003	4.749524e-006	
1.119092e+003	4.771590e-006	
1.119800e+003	4.795375e-006	
1.120508e+003	4.819417e-006	
1.121216e+003	4.843340e-006	
1.121924e+003	4.868430e-006	
1.122632e+003	4.896753e-006	
1.123340e+003	4.929784e-006	
1.124048e+003	4.967673e-006	
1.124756e+003	5.009201e-006	
1.125464e+003	5.051748e-006	
1.126172e+003	5.090415e-006	
1.126880e+003	5.117711e-006	
1.127588e+003	5.126663e-006	
1.128296e+003	5.116180e-006	
1.129004e+003	5.092303e-006	
1.129712e+003	5.062504e-006	
1.130420e+003	5.028583e-006	
1.131128e+003	4.986002e-006	
1.131836e+003	4.929570e-006	
1.132544e+003	4.858293e-006	
1.133252e+003	4.777839e-006	
1.133960e+003	4.699258e-006	
1.134668e+003	4.634155e-006	
1.135376e+003	4.589335e-006	
1.136084e+003	4.561027e-006	
1.136792e+003	4.535982e-006	
1.137500e+003	4.502421e-006	
1.138208e+003	4.459627e-006	
1.138916e+003	4.418781e-006	
1.139624e+003	4.394147e-006	
1.140332e+003	4.391133e-006	
1.141040e+003	4.413936e-006	
1.141748e+003	4.467228e-006	
1.142456e+003	4.546565e-006	
1.143164e+003	4.638250e-006	
1.143872e+003	4.724321e-006	
1.144580e+003	4.788880e-006	
1.145288e+003	4.829857e-006	
1.145996e+003	4.865599e-006	
1.146704e+003	4.924424e-006	
1.147412e+003	5.008506e-006	
1.148120e+003	5.053334e-006	
1.148828e+003	4.978514e-006	
1.149536e+003	4.806271e-006	
1.150244e+003	4.631480e-006	
1.150952e+003	4.509264e-006	
1.151660e+003	4.481148e-006	
1.152368e+003	4.595605e-006	
1.153076e+003	4.995313e-006	
1.153784e+003	6.215424e-006	
1.154492e+003	9.110803e-006	
1.155200e+003	1.098526e-005	
1.155908e+003	6.756207e-006	
1.156616e+003	4.560376e-006	
1.157324e+003	3.752283e-006	
1.158032e+003	3.375296e-006	
1.158740e+003	3.180112e-006	
1.159448e+003	3.083325e-006	
1.160156e+003	3.043338e-006	
1.160864e+003	3.035709e-006	
1.161572e+003	3.045438e-006	
1.162280e+003	3.068767e-006	
1.162988e+003	3.118615e-006	
1.163696e+003	3.220907e-006	
1.164404e+003	3.376739e-006	
1.165112e+003	3.503294e-006	
1.165820e+003	3.493508e-006	
1.166528e+003	3.380100e-006	
1.167236e+003	3.290576e-006	
1.167944e+003	3.284813e-006	
1.168652e+003	3.402799e-006	
1.169360e+003	3.702601e-006	
1.170068e+003	4.397597e-006	
1.170776e+003	6.285012e-006	
1.171484e+003	1.067263e-005	
1.172192e+003	1.375397e-005	
1.172900e+003	7.675723e-006	
1.173608e+003	4.586076e-006	
1.174316e+003	3.533296e-006	
1.175024e+003	3.086354e-006	
1.175732e+003	2.859742e-006	
1.176440e+003	2.730031e-006	
1.177148e+003	2.649296e-006	
1.177856e+003	2.595821e-006	
1.178564e+003	2.558431e-006	
1.179272e+003	2.530898e-006	
1.179980e+003	2.509662e-006	
1.180688e+003	2.492782e-006	
1.181396e+003	2.479288e-006	
1.182104e+003	2.468681e-006	
1.182813e+003	2.460567e-006	
1.183521e+003	2.454344e-006	
1.184229e+003	2.449180e-006	
1.184937e+003	2.444419e-006	
1.185645e+003	2.439899e-006	
1.186353e+003	2.435907e-006	
1.187061e+003	2.432836e-006	
1.187769e+003	2.430765e-006	
1.188477e+003	2.429885e-006	
1.189185e+003	2.430538e-006	
1.189893e+003	2.432717e-006	
1.190601e+003	2.436140e-006	
1.191309e+003	2.440511e-006	
1.192017e+003	2.445647e-006	
1.192725e+003	2.451676e-006	
1.193433e+003	2.459274e-006	
1.194141e+003	2.469553e-006	
1.194849e+003	2.482871e-006	
1.195557e+003	2.497168e-006	
1.196265e+003	2.510211e-006	
1.196973e+003	2.524850e-006	
1.197681e+003	2.547891e-006	
1.198389e+003	2.586681e-006	
1.199097e+003	2.654484e-006	
1.199805e+003	2.782691e-006	
1.200513e+003	3.065287e-006	
1.201221e+003	3.832109e-006	
1.201929e+003	5.553425e-006	
1.202637e+003	6.609228e-006	
1.203345e+003	4.270558e-006	
1.204053e+003	3.212705e-006	
1.204761e+003	2.850261e-006	
1.205469e+003	2.695996e-006	
1.206177e+003	2.618584e-006	
1.206885e+003	2.575300e-006	
1.207593e+003	2.549332e-006	
1.208301e+003	2.533049e-006	
1.209009e+003	2.522601e-006	
1.209717e+003	2.515874e-006	
1.210425e+003	2.511636e-006	
1.211133e+003	2.509122e-006	
1.211841e+003	2.507848e-006	
1.212549e+003	2.507485e-006	
1.213257e+003	2.507808e-006	
1.213965e+003	2.508660e-006	
1.214673e+003	2.509926e-006	
1.215381e+003	2.511525e-006	
1.216089e+003	2.513389e-006	
1.216797e+003	2.515476e-006	
1.217505e+003	2.517743e-006	
1.218213e+003	2.520168e-006	
1.218921e+003	2.522723e-006	
1.219629e+003	2.525394e-006	
1.220337e+003	2.528167e-006	
1.221045e+003	2.531027e-006	
1.221753e+003	2.533966e-006	
1.222461e+003	2.536977e-006	
1.223169e+003	2.540052e-006	
1.223877e+003	2.543183e-006	
1.224585e+003	2.546368e-006	
1.225293e+003	2.549602e-006	
1.226001e+003	2.552879e-006	
1.226709e+003	2.556197e-006	
1.227417e+003	2.559552e-006	
1.228125e+003	2.562942e-006	
1.228833e+003	2.566364e-006	
1.229541e+003	2.569815e-006	
1.230249e+003	2.573295e-006	
1.230957e+003	2.576800e-006	
1.231665e+003	2.580332e-006	
1.232373e+003	2.583888e-006	
1.233081e+003	2.587467e-006	
1.233789e+003	2.591068e-006	
1.234497e+003	2.594693e-006	
1.235205e+003	2.598340e-006	
1.235913e+003	2.602009e-006	
1.236621e+003	2.605702e-006	
1.237329e+003	2.609414e-006	
1.238037e+003	2.613150e-006	
1.238745e+003	2.616908e-006	
1.239453e+003	2.620688e-006	
1.240161e+003	2.624489e-006	
1.240869e+003	2.628311e-006	
1.241577e+003	2.632153e-006	
1.242285e+003	2.636018e-006	
1.242993e+003	2.639902e-006	
1.243701e+003	2.643804e-006	
1.244409e+003	2.647729e-006	
1.245117e+003	2.651671e-006	
1.245825e+003	2.655632e-006	
1.246533e+003	2.659610e-006	
1.247241e+003	2.663608e-006	
1.247949e+003	2.667622e-006	
1.248657e+003	2.671656e-006	
1.249365e+003	2.675706e-006	
1.250073e+003	2.679774e-006	
1.250781e+003	2.683860e-006	
1.251489e+003	2.687965e-006	
1.252197e+003	2.692086e-006	
1.252905e+003	2.696226e-006	
1.253613e+003	2.700387e-006	
1.254321e+003	2.704566e-006	
1.255029e+003	2.708766e-006	
1.255737e+003	2.712987e-006	
1.256445e+003	2.717229e-006	
1.257153e+003	2.721490e-006	
1.257861e+003	2.725775e-006	
1.258569e+003	2.730078e-006	
1.259277e+003	2.734404e-006	
1.259985e+003	2.738747e-006	
1.260693e+003	2.743107e-006	
1.261401e+003	2.747486e-006	
1.262109e+003	2.751882e-006	
1.262817e+003	2.756291e-006	
1.263525e+003	2.760719e-006	
1.264233e+003	2.765164e-006	
1.264941e+003	2.769627e-006	
1.265649e+003	2.774117e-006	
1.266357e+003	2.778630e-006	
1.267065e+003	2.783170e-006	
1.267773e+003	2.787739e-006	
1.268481e+003	2.792338e-006	
1.269189e+003	2.796970e-006	
1.269897e+003	2.801635e-006	
1.270605e+003	2.806335e-006	
1.271313e+003	2.811068e-006	
1.272021e+003	2.815835e-006	
1.272729e+003	2.820632e-006	
1.273438e+003	2.825454e-006	
1.274146e+003	2.830302e-006	
1.274854e+003	2.835168e-006	
1.275562e+003	2.840052e-006	
1.276270e+003	2.844952e-006	
1.276978e+003	2.849863e-006	
1.277686e+003	2.854787e-006	
1.278394e+003	2.859723e-006	
1.279102e+003	2.864673e-006	
1.279810e+003	2.869639e-006	
1.280518e+003	2.874623e-006	
1.281226e+003	2.879628e-006	
1.281934e+003	2.884657e-006	
1.282642e+003	2.889715e-006	
1.283350e+003	2.894800e-006	
1.284058e+003	2.899911e-006	
1.284766e+003	2.905049e-006	
1.285474e+003	2.910212e-006	
1.286182e+003	2.915397e-006	
1.286890e+003	2.920606e-006	
1.287598e+003	2.925836e-006	
1.288306e+003	2.931085e-006	
1.289014e+003	2.936354e-006	
1.289722e+003	2.941649e-006	
1.290430e+003	2.946973e-006	
1.291138e+003	2.952332e-006	
1.291846e+003	2.957731e-006	
1.292554e+003	2.963176e-006	
1.293262e+003	2.968676e-006	
1.293970e+003	2.974232e-006	
1.294678e+003	2.979853e-006	
1.295386e+003	2.985543e-006	
1.296094e+003	2.991307e-006	
1.296802e+003	2.997152e-006	
1.297510e+003	3.003076e-006	
1.298218e+003	3.009088e-006	
1.298926e+003	3.015184e-006	
1.299634e+003	3.021356e-006	
1.300342e+003	3.027604e-006	
1.301050e+003	3.033913e-006	
1.301758e+003	3.040266e-006	
1.302466e+003	3.046654e-006	
1.303174e+003	3.053073e-006	
1.303882e+003	3.059517e-006	
1.304590e+003	3.065978e-006	
1.305298e+003	3.072452e-006	
1.306006e+003	3.078938e-006	
1.306714e+003	3.085419e-006	
1.307422e+003	3.091875e-006	
1.308130e+003	3.098292e-006	
1.308838e+003	3.104646e-006	
1.309546e+003	3.110928e-006	
1.310254e+003	3.117133e-006	
1.310962e+003	3.123260e-006	
1.311670e+003	3.129312e-006	
1.312378e+003	3.135286e-006	
1.313086e+003	3.141201e-006	
1.313794e+003	3.147053e-006	
1.314502e+003	3.152839e-006	
1.315210e+003	3.158550e-006	
1.315918e+003	3.164219e-006	
1.316626e+003	3.169932e-006	
1.317334e+003	3.175740e-006	
1.318042e+003	3.181683e-006	
1.318750e+003	3.187778e-006	
1.319458e+003	3.194035e-006	
1.320166e+003	3.200496e-006	
1.320874e+003	3.207180e-006	
1.321582e+003	3.214171e-006	
1.322290e+003	3.221522e-006	
1.322998e+003	3.229261e-006	
1.323706e+003	3.237401e-006	
1.324414e+003	3.245880e-006	
1.325122e+003	3.254699e-006	
1.325830e+003	3.263921e-006	
1.326538e+003	3.273654e-006	
1.327246e+003	3.284026e-006	
1.327954e+003	3.295028e-006	
1.328662e+003	3.306525e-006	
1.329370e+003	3.318335e-006	
1.330078e+003	3.330357e-006	
1.330786e+003	3.342675e-006	
1.331494e+003	3.355487e-006	
1.332202e+003	3.368948e-006	
1.332910e+003	3.383069e-006	
1.333618e+003	3.397658e-006	
1.334326e+003	3.412358e-006	
1.335034e+003	3.426590e-006	
1.335742e+003	3.439374e-006	
1.336450e+003	3.449537e-006	
1.337158e+003	3.456521e-006	
1.337866e+003	3.460897e-006	
1.338574e+003	3.463745e-006	
1.339282e+003	3.465594e-006	
1.339990e+003	3.466045e-006	
1.340698e+003	3.464359e-006	
1.341406e+003	3.460146e-006	
1.342114e+003	3.453887e-006	
1.342822e+003	3.446968e-006	
1.343530e+003	3.441031e-006	
1.344238e+003	3.437331e-006	
1.344946e+003	3.436035e-006	
1.345654e+003	3.435979e-006	
1.346362e+003	3.435736e-006	
1.347070e+003	3.434780e-006	
1.347778e+003	3.433833e-006	
1.348486e+003	3.434478e-006	
1.349194e+003	3.437428e-006	
1.349902e+003	3.443354e-006	
1.350610e+003	3.453707e-006	
1.351318e+003	3.469065e-006	
1.352026e+003	3.488643e-006	
1.352734e+003	3.511280e-006	
1.353442e+003	3.536014e-006	
1.354150e+003	3.562588e-006	
1.354858e+003	3.591989e-006	
1.355566e+003	3.626494e-006	
1.356274e+003	3.667520e-006	
1.356982e+003	3.708851e-006	
1.357690e+003	3.737327e-006	
1.358398e+003	3.750754e-006	
1.359106e+003	3.761958e-006	
1.359814e+003	3.780180e-006	
1.360522e+003	3.812722e-006	
1.361230e+003	3.870242e-006	
1.361938e+003	3.985864e-006	
1.362646e+003	4.274198e-006	
1.363354e+003	5.084574e-006	
1.364063e+003	6.425925e-006	
1.364771e+003	5.209783e-006	
1.365479e+003	4.207134e-006	
1.366187e+003	3.860655e-006	
1.366895e+003	3.703678e-006	
1.367603e+003	3.610856e-006	
1.368311e+003	3.544689e-006	
1.369019e+003	3.489611e-006	
1.369727e+003	3.437981e-006	
1.370435e+003	3.390124e-006	
1.371143e+003	3.350135e-006	
1.371851e+003	3.320107e-006	
1.372559e+003	3.301507e-006	
1.373267e+003	3.297178e-006	
1.373975e+003	3.316939e-006	
1.374683e+003	3.393611e-006	
1.375391e+003	3.591101e-006	
1.376099e+003	3.678702e-006	
1.376807e+003	3.483090e-006	
1.377515e+003	3.449057e-006	
1.378223e+003	3.478909e-006	
1.378931e+003	3.531048e-006	
1.379639e+003	3.602272e-006	
1.380347e+003	3.695935e-006	
1.381055e+003	3.811050e-006	
1.381763e+003	3.946479e-006	
1.382471e+003	4.105259e-006	
1.383179e+003	4.303281e-006	
1.383887e+003	4.602987e-006	
1.384595e+003	5.111058e-006	
1.385303e+003	5.177497e-006	
1.386011e+003	4.839030e-006	
1.386719e+003	4.757459e-006	
1.387427e+003	4.738124e-006	
1.388135e+003	4.703616e-006	
1.388843e+003	4.630146e-006	
1.389551e+003	4.520179e-006	
1.390259e+003	4.386684e-006	
1.390967e+003	4.239491e-006	
1.391675e+003	4.081692e-006	
1.392383e+003	3.913178e-006	
1.393091e+003	3.729265e-006	
1.393799e+003	3.523375e-006	
1.394507e+003	3.296267e-006	
1.395215e+003	3.062326e-006	
1.395923e+003	2.842901e-006	
1.396631e+003	2.646413e-006	
1.397339e+003	2.458318e-006	
1.398047e+003	2.271887e-006	
1.398755e+003	2.100407e-006	
1.399463e+003	1.961158e-006	
1.400171e+003	1.861057e-006	
1.400879e+003	1.796644e-006	
1.401587e+003	1.770607e-006	
1.402295e+003	1.787258e-006	
1.403003e+003	1.848569e-006	
1.403711e+003	1.972938e-006	
1.404419e+003	2.166092e-006	
1.405127e+003	2.347118e-006	
1.405835e+003	2.419315e-006	
1.406543e+003	2.449955e-006	
1.407251e+003	2.636908e-006	
1.407959e+003	3.156675e-006	
1.408667e+003	4.322062e-006	
1.409375e+003	5.845563e-006	
1.410083e+003	5.452224e-006	
1.410791e+003	7.595107e-006	
1.411499e+003	1.369517e-005	
1.412207e+003	1.558913e-005	
1.412915e+003	8.164937e-006	
1.413623e+003	5.462848e-006	
1.414331e+003	6.556920e-006	
1.415039e+003	1.201537e-005	
1.415747e+003	1.230561e-005	
1.416455e+003	5.205595e-006	
1.417163e+003	2.698443e-006	
1.417871e+003	1.858657e-006	
1.418579e+003	1.632292e-006	
1.419287e+003	1.350484e-006	
1.419995e+003	1.475630e-006	
1.420703e+003	1.690124e-006	
1.421411e+003	1.523863e-006	
1.422119e+003	8.635027e-007	
1.422827e+003	5.491538e-007	
1.423535e+003	4.203206e-007	
1.424243e+003	3.533575e-007	
1.424951e+003	3.127145e-007	
1.425659e+003	2.871934e-007	
1.426367e+003	2.747528e-007	
1.427075e+003	2.756095e-007	
1.427783e+003	2.811937e-007	
1.428491e+003	2.735846e-007	
1.429199e+003	2.500114e-007	
1.429907e+003	2.274666e-007	
1.430615e+003	2.152005e-007	
1.431323e+003	2.186953e-007	
1.432031e+003	2.428804e-007	
1.432739e+003	3.049047e-007	
1.433447e+003	4.665710e-007	
1.434155e+003	9.386005e-007	
1.434863e+003	1.781282e-006	
1.435571e+003	9.994792e-007	
1.436279e+003	4.304030e-007	
1.436987e+003	2.419360e-007	
1.437695e+003	1.646544e-007	
1.438403e+003	1.258121e-007	
1.439111e+003	1.030438e-007	
1.439819e+003	8.852605e-008	
1.440527e+003	7.914810e-008	
1.441235e+003	7.360939e-008	
1.441943e+003	7.178001e-008	
1.442651e+003	7.524130e-008	
1.443359e+003	9.037603e-008	
1.444067e+003	1.406818e-007	
1.444775e+003	2.678476e-007	
1.445483e+003	2.154058e-007	
1.446191e+003	1.043524e-007	
1.446899e+003	6.666168e-008	
1.447607e+003	5.129864e-008	
1.448315e+003	4.332729e-008	
1.449023e+003	3.841070e-008	
1.449731e+003	3.499193e-008	
1.450439e+003	3.240752e-008	
1.451147e+003	3.033588e-008	
1.451855e+003	2.860454e-008	
1.452563e+003	2.711347e-008	
1.453271e+003	2.580066e-008	
1.453979e+003	2.462555e-008	
1.454688e+003	2.356042e-008	
1.455396e+003	2.258551e-008	
1.456104e+003	2.168624e-008	
1.456812e+003	2.085160e-008	
1.457520e+003	2.007291e-008	
1.458228e+003	1.934316e-008	
1.458936e+003	1.865658e-008	
1.459644e+003	1.800844e-008	
1.460352e+003	1.739479e-008	
1.461060e+003	1.681231e-008	
1.461768e+003	1.625806e-008	
1.462476e+003	1.572918e-008	
1.463184e+003	1.522296e-008	
1.463892e+003	1.473694e-008	
1.464600e+003	1.426904e-008	
1.465308e+003	1.381772e-008	
1.466016e+003	1.338174e-008	
1.466724e+003	1.295979e-008	
1.467432e+003	1.255020e-008	
1.468140e+003	1.215107e-008	
1.468848e+003	1.176052e-008	
1.469556e+003	1.137693e-008	
1.470264e+003	1.099896e-008	
1.470972e+003	1.062561e-008	
1.471680e+003	1.025698e-008	
1.472388e+003	9.895031e-009	
1.473096e+003	9.542582e-009	
1.473804e+003	9.201343e-009	
1.474512e+003	8.870990e-009	
1.475220e+003	8.550532e-009	
1.475928e+003	8.240280e-009	
1.476636e+003	7.941961e-009	
1.477344e+003	7.658039e-009	
1.478052e+003	7.390538e-009	
1.478760e+003	7.139762e-009	
1.479468e+003	6.904464e-009	
1.480176e+003	6.681690e-009	
1.480884e+003	6.468235e-009	
1.481592e+003	6.263553e-009	
1.482300e+003	6.069921e-009	
1.483008e+003	5.890152e-009	
1.483716e+003	5.725957e-009	
1.484424e+003	5.574805e-009	
1.485132e+003	5.435309e-009	
1.485840e+003	5.306815e-009	
1.486548e+003	5.185688e-009	
1.487256e+003	5.068024e-009	
1.487964e+003	4.951735e-009	
1.488672e+003	4.835695e-009	
1.489380e+003	4.719999e-009	
1.490088e+003	4.605689e-009	
1.490796e+003	4.493184e-009	
1.491504e+003	4.379232e-009	
1.492212e+003	4.251123e-009	
1.492920e+003	4.100323e-009	
1.493628e+003	3.950677e-009	
1.494336e+003	3.829633e-009	
1.495044e+003	3.727641e-009	
1.495752e+003	3.639167e-009	
1.496460e+003	3.554874e-009	
1.497168e+003	3.472133e-009	
1.497876e+003	3.389323e-009	
1.498584e+003	3.307038e-009	
1.499292e+003	3.225326e-009	
