# format  : curve #1.x (tab) curve #1.y (tab) curve #2.x (tab) curve #2.y (tab) ...
# title   : Simulated Spectrum
# abscissa: Energy [eV]
# ordinate: Intensity [counts]
#==========================================================================================================
# Curve #1 (x,y): Config ##: 1
# Reference: W.S.M. Werner, W. Smekal and C. J. Powell, Simulation of Electron Spectra for Surface Analysis (SESSA V1.3) National Institute of Standards and Technology, Gaithersburg, MD (2010), 
# Reliability: 
# Remarks: 
#==========================================================================================================
5.000000e+001	3.919166e-006	
5.070801e+001	3.917264e-006	
5.141602e+001	3.915718e-006	
5.212402e+001	3.914567e-006	
5.283203e+001	3.913847e-006	
5.354004e+001	3.913595e-006	
5.424805e+001	3.913831e-006	
5.495605e+001	3.914585e-006	
5.566406e+001	3.915874e-006	
5.637207e+001	3.917692e-006	
5.708008e+001	3.919967e-006	
5.778809e+001	3.922576e-006	
5.849609e+001	3.925433e-006	
5.920410e+001	3.928577e-006	
5.991211e+001	3.932173e-006	
6.062012e+001	3.936412e-006	
6.132813e+001	3.941420e-006	
6.203613e+001	3.947318e-006	
6.274414e+001	3.954233e-006	
6.345215e+001	3.961948e-006	
6.416016e+001	3.969261e-006	
6.486816e+001	3.973959e-006	
6.557617e+001	3.974612e-006	
6.628418e+001	3.972425e-006	
6.699219e+001	3.969989e-006	
6.770020e+001	3.968624e-006	
6.840820e+001	3.967383e-006	
6.911621e+001	3.964107e-006	
6.982422e+001	3.957804e-006	
7.053223e+001	3.949744e-006	
7.124023e+001	3.941888e-006	
7.194824e+001	3.935360e-006	
7.265625e+001	3.930391e-006	
7.336426e+001	3.926785e-006	
7.407227e+001	3.924245e-006	
7.478027e+001	3.922513e-006	
7.548828e+001	3.921387e-006	
7.619629e+001	3.920718e-006	
7.690430e+001	3.920399e-006	
7.761230e+001	3.920353e-006	
7.832031e+001	3.920516e-006	
7.902832e+001	3.920847e-006	
7.973633e+001	3.921314e-006	
8.044434e+001	3.921898e-006	
8.115234e+001	3.922582e-006	
8.186035e+001	3.923358e-006	
8.256836e+001	3.924219e-006	
8.327637e+001	3.925156e-006	
8.398438e+001	3.926164e-006	
8.469238e+001	3.927238e-006	
8.540039e+001	3.928375e-006	
8.610840e+001	3.929563e-006	
8.681641e+001	3.930802e-006	
8.752441e+001	3.932082e-006	
8.823242e+001	3.933400e-006	
8.894043e+001	3.934758e-006	
8.964844e+001	3.936148e-006	
9.035645e+001	3.937570e-006	
9.106445e+001	3.939032e-006	
9.177246e+001	3.940551e-006	
9.248047e+001	3.942126e-006	
9.318848e+001	3.943728e-006	
9.389648e+001	3.945336e-006	
9.460449e+001	3.946965e-006	
9.531250e+001	3.948651e-006	
9.602051e+001	3.950320e-006	
9.672852e+001	3.951747e-006	
9.743652e+001	3.952728e-006	
9.814453e+001	3.953300e-006	
9.885254e+001	3.953714e-006	
9.956055e+001	3.954185e-006	
1.002686e+002	3.954809e-006	
1.009766e+002	3.955605e-006	
1.016846e+002	3.956558e-006	
1.023926e+002	3.957661e-006	
1.031006e+002	3.958899e-006	
1.038086e+002	3.960258e-006	
1.045166e+002	3.961694e-006	
1.052246e+002	3.963102e-006	
1.059326e+002	3.964347e-006	
1.066406e+002	3.965362e-006	
1.073486e+002	3.966226e-006	
1.080566e+002	3.967089e-006	
1.087646e+002	3.968058e-006	
1.094727e+002	3.969167e-006	
1.101807e+002	3.970411e-006	
1.108887e+002	3.971719e-006	
1.115967e+002	3.972959e-006	
1.123047e+002	3.974016e-006	
1.130127e+002	3.974899e-006	
1.137207e+002	3.975750e-006	
1.144287e+002	3.976726e-006	
1.151367e+002	3.977930e-006	
1.158447e+002	3.979403e-006	
1.165527e+002	3.981126e-006	
1.172607e+002	3.982995e-006	
1.179688e+002	3.984778e-006	
1.186768e+002	3.986207e-006	
1.193848e+002	3.987208e-006	
1.200928e+002	3.987991e-006	
1.208008e+002	3.988820e-006	
1.215088e+002	3.989836e-006	
1.222168e+002	3.991070e-006	
1.229248e+002	3.992487e-006	
1.236328e+002	3.994041e-006	
1.243408e+002	3.995689e-006	
1.250488e+002	3.997387e-006	
1.257568e+002	3.999092e-006	
1.264648e+002	4.000771e-006	
1.271729e+002	4.002396e-006	
1.278809e+002	4.003940e-006	
1.285889e+002	4.005380e-006	
1.292969e+002	4.006692e-006	
1.300049e+002	4.007856e-006	
1.307129e+002	4.008869e-006	
1.314209e+002	4.009723e-006	
1.321289e+002	4.010420e-006	
1.328369e+002	4.010952e-006	
1.335449e+002	4.011323e-006	
1.342529e+002	4.011531e-006	
1.349609e+002	4.011598e-006	
1.356689e+002	4.011556e-006	
1.363770e+002	4.011446e-006	
1.370850e+002	4.011313e-006	
1.377930e+002	4.011197e-006	
1.385010e+002	4.011133e-006	
1.392090e+002	4.011152e-006	
1.399170e+002	4.011295e-006	
1.406250e+002	4.011593e-006	
1.413330e+002	4.012078e-006	
1.420410e+002	4.012759e-006	
1.427490e+002	4.013641e-006	
1.434570e+002	4.014721e-006	
1.441650e+002	4.015993e-006	
1.448730e+002	4.017450e-006	
1.455811e+002	4.019059e-006	
1.462891e+002	4.020804e-006	
1.469971e+002	4.022691e-006	
1.477051e+002	4.024783e-006	
1.484131e+002	4.027163e-006	
1.491211e+002	4.029906e-006	
1.498291e+002	4.033056e-006	
1.505371e+002	4.036632e-006	
1.512451e+002	4.040559e-006	
1.519531e+002	4.044523e-006	
1.526611e+002	4.047854e-006	
1.533691e+002	4.049939e-006	
1.540771e+002	4.050946e-006	
1.547852e+002	4.051733e-006	
1.554932e+002	4.052938e-006	
1.562012e+002	4.054343e-006	
1.569092e+002	4.055026e-006	
1.576172e+002	4.054412e-006	
1.583252e+002	4.053081e-006	
1.590332e+002	4.052117e-006	
1.597412e+002	4.051886e-006	
1.604492e+002	4.051568e-006	
1.611572e+002	4.049815e-006	
1.618652e+002	4.046135e-006	
1.625732e+002	4.041427e-006	
1.632813e+002	4.036952e-006	
1.639893e+002	4.033460e-006	
1.646973e+002	4.031185e-006	
1.654053e+002	4.030097e-006	
1.661133e+002	4.030099e-006	
1.668213e+002	4.031079e-006	
1.675293e+002	4.032939e-006	
1.682373e+002	4.035546e-006	
1.689453e+002	4.038592e-006	
1.696533e+002	4.041498e-006	
1.703613e+002	4.043726e-006	
1.710693e+002	4.045383e-006	
1.717773e+002	4.047135e-006	
1.724854e+002	4.049482e-006	
1.731934e+002	4.052232e-006	
1.739014e+002	4.054586e-006	
1.746094e+002	4.056028e-006	
1.753174e+002	4.057027e-006	
1.760254e+002	4.058453e-006	
1.767334e+002	4.060490e-006	
1.774414e+002	4.062163e-006	
1.781494e+002	4.061981e-006	
1.788574e+002	4.059428e-006	
1.795654e+002	4.055553e-006	
1.802734e+002	4.051842e-006	
1.809814e+002	4.049245e-006	
1.816895e+002	4.048112e-006	
1.823975e+002	4.048438e-006	
1.831055e+002	4.049983e-006	
1.838135e+002	4.052125e-006	
1.845215e+002	4.053724e-006	
1.852295e+002	4.053577e-006	
1.859375e+002	4.051446e-006	
1.866455e+002	4.048280e-006	
1.873535e+002	4.045249e-006	
1.880615e+002	4.043060e-006	
1.887695e+002	4.041958e-006	
1.894775e+002	4.041965e-006	
1.901855e+002	4.042987e-006	
1.908936e+002	4.044801e-006	
1.916016e+002	4.046926e-006	
1.923096e+002	4.048631e-006	
1.930176e+002	4.049386e-006	
1.937256e+002	4.049355e-006	
1.944336e+002	4.049165e-006	
1.951416e+002	4.049334e-006	
1.958496e+002	4.050083e-006	
1.965576e+002	4.051470e-006	
1.972656e+002	4.053525e-006	
1.979736e+002	4.056294e-006	
1.986816e+002	4.059821e-006	
1.993896e+002	4.064118e-006	
2.000977e+002	4.069068e-006	
2.008057e+002	4.074244e-006	
2.015137e+002	4.078780e-006	
2.022217e+002	4.081727e-006	
2.029297e+002	4.082862e-006	
2.036377e+002	4.082864e-006	
2.043457e+002	4.082563e-006	
2.050537e+002	4.082390e-006	
2.057617e+002	4.082404e-006	
2.064697e+002	4.082482e-006	
2.071777e+002	4.082464e-006	
2.078857e+002	4.082234e-006	
2.085938e+002	4.081743e-006	
2.093018e+002	4.081000e-006	
2.100098e+002	4.080049e-006	
2.107178e+002	4.078942e-006	
2.114258e+002	4.077711e-006	
2.121338e+002	4.076401e-006	
2.128418e+002	4.075059e-006	
2.135498e+002	4.073773e-006	
2.142578e+002	4.072656e-006	
2.149658e+002	4.071831e-006	
2.156738e+002	4.071384e-006	
2.163818e+002	4.071357e-006	
2.170898e+002	4.071761e-006	
2.177979e+002	4.072574e-006	
2.185059e+002	4.073800e-006	
2.192139e+002	4.075433e-006	
2.199219e+002	4.077491e-006	
2.206299e+002	4.080001e-006	
2.213379e+002	4.082976e-006	
2.220459e+002	4.086398e-006	
2.227539e+002	4.090185e-006	
2.234619e+002	4.094185e-006	
2.241699e+002	4.098262e-006	
2.248779e+002	4.102408e-006	
2.255859e+002	4.106822e-006	
2.262939e+002	4.111858e-006	
2.270020e+002	4.117891e-006	
2.277100e+002	4.125220e-006	
2.284180e+002	4.134014e-006	
2.291260e+002	4.144157e-006	
2.298340e+002	4.154710e-006	
2.305420e+002	4.163493e-006	
2.312500e+002	4.168272e-006	
2.319580e+002	4.169365e-006	
2.326660e+002	4.169744e-006	
2.333740e+002	4.171769e-006	
2.340820e+002	4.174394e-006	
2.347900e+002	4.173346e-006	
2.354980e+002	4.164975e-006	
2.362061e+002	4.150369e-006	
2.369141e+002	4.134096e-006	
2.376221e+002	4.120107e-006	
2.383301e+002	4.110125e-006	
2.390381e+002	4.104339e-006	
2.397461e+002	4.102350e-006	
2.404541e+002	4.103767e-006	
2.411621e+002	4.108501e-006	
2.418701e+002	4.116936e-006	
2.425781e+002	4.129945e-006	
2.432861e+002	4.148770e-006	
2.439941e+002	4.174609e-006	
2.447021e+002	4.207691e-006	
2.454102e+002	4.245337e-006	
2.461182e+002	4.279722e-006	
2.468262e+002	4.299439e-006	
2.475342e+002	4.297820e-006	
2.482422e+002	4.279041e-006	
2.489502e+002	4.253718e-006	
2.496582e+002	4.231213e-006	
2.503662e+002	4.215948e-006	
2.510742e+002	4.207403e-006	
2.517822e+002	4.202077e-006	
2.524902e+002	4.197029e-006	
2.531982e+002	4.193027e-006	
2.539063e+002	4.193732e-006	
2.546143e+002	4.202554e-006	
2.553223e+002	4.220574e-006	
2.560303e+002	4.245001e-006	
2.567383e+002	4.267647e-006	
2.574463e+002	4.277097e-006	
2.581543e+002	4.267004e-006	
2.588623e+002	4.241040e-006	
2.595703e+002	4.207927e-006	
2.602783e+002	4.175397e-006	
2.609863e+002	4.148142e-006	
2.616943e+002	4.128006e-006	
2.624023e+002	4.115148e-006	
2.631104e+002	4.109257e-006	
2.638184e+002	4.110173e-006	
2.645264e+002	4.118076e-006	
2.652344e+002	4.133242e-006	
2.659424e+002	4.155129e-006	
2.666504e+002	4.180475e-006	
2.673584e+002	4.201353e-006	
2.680664e+002	4.207445e-006	
2.687744e+002	4.194488e-006	
2.694824e+002	4.168602e-006	
2.701904e+002	4.139763e-006	
2.708984e+002	4.114628e-006	
2.716064e+002	4.095564e-006	
2.723145e+002	4.082580e-006	
2.730225e+002	4.074902e-006	
2.737305e+002	4.071577e-006	
2.744385e+002	4.071396e-006	
2.751465e+002	4.072527e-006	
2.758545e+002	4.072613e-006	
2.765625e+002	4.070103e-006	
2.772705e+002	4.065524e-006	
2.779785e+002	4.060666e-006	
2.786865e+002	4.056936e-006	
2.793945e+002	4.054769e-006	
2.801025e+002	4.053836e-006	
2.808105e+002	4.053303e-006	
2.815186e+002	4.052170e-006	
2.822266e+002	4.049882e-006	
2.829346e+002	4.046648e-006	
2.836426e+002	4.043025e-006	
2.843506e+002	4.039392e-006	
2.850586e+002	4.035870e-006	
2.857666e+002	4.032437e-006	
2.864746e+002	4.029065e-006	
2.871826e+002	4.025776e-006	
2.878906e+002	4.022642e-006	
2.885986e+002	4.019741e-006	
2.893066e+002	4.017129e-006	
2.900146e+002	4.014808e-006	
2.907227e+002	4.012747e-006	
2.914307e+002	4.010928e-006	
2.921387e+002	4.009386e-006	
2.928467e+002	4.008210e-006	
2.935547e+002	4.007526e-006	
2.942627e+002	4.007463e-006	
2.949707e+002	4.008110e-006	
2.956787e+002	4.009496e-006	
2.963867e+002	4.011577e-006	
2.970947e+002	4.014247e-006	
2.978027e+002	4.017376e-006	
2.985107e+002	4.020843e-006	
2.992188e+002	4.024578e-006	
2.999268e+002	4.028539e-006	
3.006348e+002	4.032640e-006	
3.013428e+002	4.036724e-006	
3.020508e+002	4.040618e-006	
3.027588e+002	4.044354e-006	
3.034668e+002	4.048363e-006	
3.041748e+002	4.053488e-006	
3.048828e+002	4.060821e-006	
3.055908e+002	4.071479e-006	
3.062988e+002	4.086274e-006	
3.070068e+002	4.104971e-006	
3.077148e+002	4.124833e-006	
3.084229e+002	4.139391e-006	
3.091309e+002	4.140895e-006	
3.098389e+002	4.127093e-006	
3.105469e+002	4.103686e-006	
3.112549e+002	4.078636e-006	
3.119629e+002	4.056881e-006	
3.126709e+002	4.039949e-006	
3.133789e+002	4.027572e-006	
3.140869e+002	4.018928e-006	
3.147949e+002	4.013197e-006	
3.155029e+002	4.009726e-006	
3.162109e+002	4.008028e-006	
3.169189e+002	4.007749e-006	
3.176270e+002	4.008599e-006	
3.183350e+002	4.010291e-006	
3.190430e+002	4.012580e-006	
3.197510e+002	4.015392e-006	
3.204590e+002	4.018947e-006	
3.211670e+002	4.023761e-006	
3.218750e+002	4.030531e-006	
3.225830e+002	4.039985e-006	
3.232910e+002	4.052663e-006	
3.239990e+002	4.068374e-006	
3.247070e+002	4.085114e-006	
3.254150e+002	4.098121e-006	
3.261230e+002	4.101646e-006	
3.268311e+002	4.093899e-006	
3.275391e+002	4.078950e-006	
3.282471e+002	4.062596e-006	
3.289551e+002	4.048447e-006	
3.296631e+002	4.037609e-006	
3.303711e+002	4.029863e-006	
3.310791e+002	4.024603e-006	
3.317871e+002	4.021216e-006	
3.324951e+002	4.019214e-006	
3.332031e+002	4.018222e-006	
3.339111e+002	4.017959e-006	
3.346191e+002	4.018218e-006	
3.353271e+002	4.018840e-006	
3.360352e+002	4.019705e-006	
3.367432e+002	4.020712e-006	
3.374512e+002	4.021780e-006	
3.381592e+002	4.022836e-006	
3.388672e+002	4.023840e-006	
3.395752e+002	4.024762e-006	
3.402832e+002	4.025599e-006	
3.409912e+002	4.026358e-006	
3.416992e+002	4.027049e-006	
3.424072e+002	4.027676e-006	
3.431152e+002	4.028247e-006	
3.438232e+002	4.028770e-006	
3.445313e+002	4.029272e-006	
3.452393e+002	4.029784e-006	
3.459473e+002	4.030349e-006	
3.466553e+002	4.030995e-006	
3.473633e+002	4.031755e-006	
3.480713e+002	4.032642e-006	
3.487793e+002	4.033674e-006	
3.494873e+002	4.034873e-006	
3.501953e+002	4.036263e-006	
3.509033e+002	4.037876e-006	
3.516113e+002	4.039734e-006	
3.523193e+002	4.041859e-006	
3.530273e+002	4.044263e-006	
3.537354e+002	4.046933e-006	
3.544434e+002	4.049837e-006	
3.551514e+002	4.052945e-006	
3.558594e+002	4.056261e-006	
3.565674e+002	4.059862e-006	
3.572754e+002	4.063875e-006	
3.579834e+002	4.068447e-006	
3.586914e+002	4.073715e-006	
3.593994e+002	4.079770e-006	
3.601074e+002	4.086572e-006	
3.608154e+002	4.093693e-006	
3.615234e+002	4.100149e-006	
3.622314e+002	4.104902e-006	
3.629395e+002	4.107980e-006	
3.636475e+002	4.110572e-006	
3.643555e+002	4.113688e-006	
3.650635e+002	4.116982e-006	
3.657715e+002	4.118774e-006	
3.664795e+002	4.117576e-006	
3.671875e+002	4.113691e-006	
3.678955e+002	4.108813e-006	
3.686035e+002	4.104452e-006	
3.693115e+002	4.101266e-006	
3.700195e+002	4.099298e-006	
3.707275e+002	4.098357e-006	
3.714355e+002	4.098210e-006	
3.721436e+002	4.098666e-006	
3.728516e+002	4.099577e-006	
3.735596e+002	4.100834e-006	
3.742676e+002	4.102360e-006	
3.749756e+002	4.104092e-006	
3.756836e+002	4.105992e-006	
3.763916e+002	4.108023e-006	
3.770996e+002	4.110163e-006	
3.778076e+002	4.112389e-006	
3.785156e+002	4.114689e-006	
3.792236e+002	4.117048e-006	
3.799316e+002	4.119460e-006	
3.806396e+002	4.121913e-006	
3.813477e+002	4.124392e-006	
3.820557e+002	4.126893e-006	
3.827637e+002	4.129407e-006	
3.834717e+002	4.131928e-006	
3.841797e+002	4.134450e-006	
3.848877e+002	4.136967e-006	
3.855957e+002	4.139476e-006	
3.863037e+002	4.141974e-006	
3.870117e+002	4.144457e-006	
3.877197e+002	4.146925e-006	
3.884277e+002	4.149376e-006	
3.891357e+002	4.151812e-006	
3.898438e+002	4.154234e-006	
3.905518e+002	4.156648e-006	
3.912598e+002	4.159055e-006	
3.919678e+002	4.161462e-006	
3.926758e+002	4.163874e-006	
3.933838e+002	4.166302e-006	
3.940918e+002	4.168754e-006	
3.947998e+002	4.171236e-006	
3.955078e+002	4.173758e-006	
3.962158e+002	4.176330e-006	
3.969238e+002	4.178953e-006	
3.976318e+002	4.181643e-006	
3.983398e+002	4.184403e-006	
3.990479e+002	4.187242e-006	
3.997559e+002	4.190160e-006	
4.004639e+002	4.193162e-006	
4.011719e+002	4.196248e-006	
4.018799e+002	4.199426e-006	
4.025879e+002	4.202703e-006	
4.032959e+002	4.206082e-006	
4.040039e+002	4.209565e-006	
4.047119e+002	4.213146e-006	
4.054199e+002	4.216805e-006	
4.061279e+002	4.220514e-006	
4.068359e+002	4.224250e-006	
4.075439e+002	4.227974e-006	
4.082520e+002	4.231641e-006	
4.089600e+002	4.235224e-006	
4.096680e+002	4.238690e-006	
4.103760e+002	4.242002e-006	
4.110840e+002	4.245129e-006	
4.117920e+002	4.248040e-006	
4.125000e+002	4.250715e-006	
4.132080e+002	4.253160e-006	
4.139160e+002	4.255378e-006	
4.146240e+002	4.257401e-006	
4.153320e+002	4.259266e-006	
4.160400e+002	4.261023e-006	
4.167480e+002	4.262691e-006	
4.174561e+002	4.264288e-006	
4.181641e+002	4.265834e-006	
4.188721e+002	4.267387e-006	
4.195801e+002	4.269011e-006	
4.202881e+002	4.270762e-006	
4.209961e+002	4.272662e-006	
4.217041e+002	4.274717e-006	
4.224121e+002	4.276921e-006	
4.231201e+002	4.279268e-006	
4.238281e+002	4.281769e-006	
4.245361e+002	4.284439e-006	
4.252441e+002	4.287303e-006	
4.259521e+002	4.290368e-006	
4.266602e+002	4.293633e-006	
4.273682e+002	4.297066e-006	
4.280762e+002	4.300613e-006	
4.287842e+002	4.304214e-006	
4.294922e+002	4.307864e-006	
4.302002e+002	4.311675e-006	
4.309082e+002	4.315888e-006	
4.316162e+002	4.320811e-006	
4.323242e+002	4.326752e-006	
4.330322e+002	4.333988e-006	
4.337402e+002	4.342662e-006	
4.344482e+002	4.352472e-006	
4.351563e+002	4.362167e-006	
4.358643e+002	4.369691e-006	
4.365723e+002	4.373914e-006	
4.372803e+002	4.376127e-006	
4.379883e+002	4.378757e-006	
4.386963e+002	4.382700e-006	
4.394043e+002	4.386121e-006	
4.401123e+002	4.385904e-006	
4.408203e+002	4.380922e-006	
4.415283e+002	4.373307e-006	
4.422363e+002	4.366171e-006	
4.429443e+002	4.361363e-006	
4.436523e+002	4.359312e-006	
4.443604e+002	4.359856e-006	
4.450684e+002	4.362823e-006	
4.457764e+002	4.368089e-006	
4.464844e+002	4.375464e-006	
4.471924e+002	4.384612e-006	
4.479004e+002	4.395049e-006	
4.486084e+002	4.406147e-006	
4.493164e+002	4.416998e-006	
4.500244e+002	4.426437e-006	
4.507324e+002	4.433656e-006	
4.514404e+002	4.438827e-006	
4.521484e+002	4.442959e-006	
4.528564e+002	4.446822e-006	
4.535645e+002	4.449928e-006	
4.542725e+002	4.450565e-006	
4.549805e+002	4.446770e-006	
4.556885e+002	4.437960e-006	
4.563965e+002	4.425753e-006	
4.571045e+002	4.412873e-006	
4.578125e+002	4.401634e-006	
4.585205e+002	4.392964e-006	
4.592285e+002	4.385991e-006	
4.599365e+002	4.378883e-006	
4.606445e+002	4.370382e-006	
4.613525e+002	4.360666e-006	
4.620605e+002	4.351306e-006	
4.627686e+002	4.343454e-006	
4.634766e+002	4.337572e-006	
4.641846e+002	4.334578e-006	
4.648926e+002	4.335239e-006	
4.656006e+002	4.339224e-006	
4.663086e+002	4.345583e-006	
4.670166e+002	4.353294e-006	
4.677246e+002	4.361672e-006	
4.684326e+002	4.371032e-006	
4.691406e+002	4.383341e-006	
4.698486e+002	4.401512e-006	
4.705566e+002	4.423774e-006	
4.712646e+002	4.439552e-006	
4.719727e+002	4.441894e-006	
4.726807e+002	4.438981e-006	
4.733887e+002	4.441359e-006	
4.740967e+002	4.455443e-006	
4.748047e+002	4.485329e-006	
4.755127e+002	4.538976e-006	
4.762207e+002	4.644097e-006	
4.769287e+002	4.913346e-006	
4.776367e+002	5.559129e-006	
4.783447e+002	5.433457e-006	
4.790527e+002	4.892415e-006	
4.797607e+002	4.597107e-006	
4.804688e+002	4.489672e-006	
4.811768e+002	4.442459e-006	
4.818848e+002	4.418884e-006	
4.825928e+002	4.406760e-006	
4.833008e+002	4.401079e-006	
4.840088e+002	4.399419e-006	
4.847168e+002	4.400422e-006	
4.854248e+002	4.403244e-006	
4.861328e+002	4.407310e-006	
4.868408e+002	4.412216e-006	
4.875488e+002	4.417681e-006	
4.882568e+002	4.423508e-006	
4.889648e+002	4.429566e-006	
4.896729e+002	4.435835e-006	
4.903809e+002	4.442483e-006	
4.910889e+002	4.449945e-006	
4.917969e+002	4.458935e-006	
4.925049e+002	4.470381e-006	
4.932129e+002	4.485315e-006	
4.939209e+002	4.504486e-006	
4.946289e+002	4.527371e-006	
4.953369e+002	4.550418e-006	
4.960449e+002	4.566145e-006	
4.967529e+002	4.566803e-006	
4.974609e+002	4.551403e-006	
4.981689e+002	4.526691e-006	
4.988770e+002	4.500827e-006	
4.995850e+002	4.478585e-006	
5.002930e+002	4.461369e-006	
5.010010e+002	4.448919e-006	
5.017090e+002	4.440505e-006	
5.024170e+002	4.435416e-006	
5.031250e+002	4.433082e-006	
5.038330e+002	4.433094e-006	
5.045410e+002	4.435140e-006	
5.052490e+002	4.439005e-006	
5.059570e+002	4.444526e-006	
5.066650e+002	4.451581e-006	
5.073730e+002	4.460154e-006	
5.080811e+002	4.470407e-006	
5.087891e+002	4.482781e-006	
5.094971e+002	4.498107e-006	
5.102051e+002	4.517681e-006	
5.109131e+002	4.543261e-006	
5.116211e+002	4.576715e-006	
5.123291e+002	4.619164e-006	
5.130371e+002	4.669509e-006	
5.137451e+002	4.723266e-006	
5.144531e+002	4.772943e-006	
5.151611e+002	4.808246e-006	
5.158691e+002	4.816648e-006	
5.165771e+002	4.791539e-006	
5.172852e+002	4.741129e-006	
5.179932e+002	4.682538e-006	
5.187012e+002	4.629222e-006	
5.194092e+002	4.586637e-006	
5.201172e+002	4.555025e-006	
5.208252e+002	4.532706e-006	
5.215332e+002	4.517791e-006	
5.222412e+002	4.508703e-006	
5.229492e+002	4.504151e-006	
5.236572e+002	4.502831e-006	
5.243652e+002	4.503057e-006	
5.250732e+002	4.503089e-006	
5.257813e+002	4.502248e-006	
5.264893e+002	4.501351e-006	
5.271973e+002	4.501514e-006	
5.279053e+002	4.502695e-006	
5.286133e+002	4.503335e-006	
5.293213e+002	4.501641e-006	
5.300293e+002	4.497377e-006	
5.307373e+002	4.491970e-006	
5.314453e+002	4.487048e-006	
5.321533e+002	4.483459e-006	
5.328613e+002	4.481326e-006	
5.335693e+002	4.480454e-006	
5.342773e+002	4.480588e-006	
5.349854e+002	4.481507e-006	
5.356934e+002	4.483021e-006	
5.364014e+002	4.485000e-006	
5.371094e+002	4.487336e-006	
5.378174e+002	4.489949e-006	
5.385254e+002	4.492787e-006	
5.392334e+002	4.495802e-006	
5.399414e+002	4.498972e-006	
5.406494e+002	4.502261e-006	
5.413574e+002	4.505643e-006	
5.420654e+002	4.509104e-006	
5.427734e+002	4.512621e-006	
5.434814e+002	4.516172e-006	
5.441895e+002	4.519746e-006	
5.448975e+002	4.523340e-006	
5.456055e+002	4.526950e-006	
5.463135e+002	4.530563e-006	
5.470215e+002	4.534184e-006	
5.477295e+002	4.537815e-006	
5.484375e+002	4.541462e-006	
5.491455e+002	4.545142e-006	
5.498535e+002	4.548893e-006	
5.505615e+002	4.552738e-006	
5.512695e+002	4.556696e-006	
5.519775e+002	4.560780e-006	
5.526855e+002	4.564981e-006	
5.533936e+002	4.569285e-006	
5.541016e+002	4.573679e-006	
5.548096e+002	4.578154e-006	
5.555176e+002	4.582711e-006	
5.562256e+002	4.587363e-006	
5.569336e+002	4.592131e-006	
5.576416e+002	4.597006e-006	
5.583496e+002	4.601984e-006	
5.590576e+002	4.607049e-006	
5.597656e+002	4.612154e-006	
5.604736e+002	4.617248e-006	
5.611816e+002	4.622294e-006	
5.618896e+002	4.627258e-006	
5.625977e+002	4.632111e-006	
5.633057e+002	4.636822e-006	
5.640137e+002	4.641367e-006	
5.647217e+002	4.645766e-006	
5.654297e+002	4.650074e-006	
5.661377e+002	4.654406e-006	
5.668457e+002	4.658950e-006	
5.675537e+002	4.663924e-006	
5.682617e+002	4.669527e-006	
5.689697e+002	4.675810e-006	
5.696777e+002	4.682421e-006	
5.703857e+002	4.688399e-006	
5.710938e+002	4.692506e-006	
5.718018e+002	4.694306e-006	
5.725098e+002	4.694640e-006	
5.732178e+002	4.694828e-006	
5.739258e+002	4.695807e-006	
5.746338e+002	4.697952e-006	
5.753418e+002	4.701260e-006	
5.760498e+002	4.705553e-006	
5.767578e+002	4.710582e-006	
5.774658e+002	4.716134e-006	
5.781738e+002	4.722149e-006	
5.788818e+002	4.728746e-006	
5.795898e+002	4.736043e-006	
5.802979e+002	4.744033e-006	
5.810059e+002	4.752498e-006	
5.817139e+002	4.761099e-006	
5.824219e+002	4.769611e-006	
5.831299e+002	4.778139e-006	
5.838379e+002	4.787112e-006	
5.845459e+002	4.796979e-006	
5.852539e+002	4.807948e-006	
5.859619e+002	4.819933e-006	
5.866699e+002	4.832561e-006	
5.873779e+002	4.845041e-006	
5.880859e+002	4.855860e-006	
5.887939e+002	4.863082e-006	
5.895020e+002	4.865540e-006	
5.902100e+002	4.863844e-006	
5.909180e+002	4.859888e-006	
5.916260e+002	4.855069e-006	
5.923340e+002	4.849124e-006	
5.930420e+002	4.840773e-006	
5.937500e+002	4.829079e-006	
5.944580e+002	4.814465e-006	
5.951660e+002	4.798962e-006	
5.958740e+002	4.785570e-006	
5.965820e+002	4.777077e-006	
5.972900e+002	4.774455e-006	
5.979980e+002	4.775868e-006	
5.987061e+002	4.778154e-006	
5.994141e+002	4.779639e-006	
6.001221e+002	4.781724e-006	
6.008301e+002	4.788058e-006	
6.015381e+002	4.800680e-006	
6.022461e+002	4.818965e-006	
6.029541e+002	4.841530e-006	
6.036621e+002	4.867024e-006	
6.043701e+002	4.894439e-006	
6.050781e+002	4.922244e-006	
6.057861e+002	4.946929e-006	
6.064941e+002	4.964852e-006	
6.072021e+002	4.976603e-006	
6.079102e+002	4.988712e-006	
6.086182e+002	5.008027e-006	
6.093262e+002	5.028116e-006	
6.100342e+002	5.027137e-006	
6.107422e+002	4.994591e-006	
6.114502e+002	4.946418e-006	
6.121582e+002	4.902118e-006	
6.128662e+002	4.875856e-006	
6.135742e+002	4.881456e-006	
6.142822e+002	4.944900e-006	
6.149902e+002	5.146370e-006	
6.156982e+002	5.789693e-006	
6.164063e+002	6.806196e-006	
6.171143e+002	6.297741e-006	
6.178223e+002	5.235679e-006	
6.185303e+002	4.772166e-006	
6.192383e+002	4.583426e-006	
6.199463e+002	4.488304e-006	
6.206543e+002	4.438151e-006	
6.213623e+002	4.415026e-006	
6.220703e+002	4.408546e-006	
6.227783e+002	4.411660e-006	
6.234863e+002	4.419883e-006	
6.241943e+002	4.432648e-006	
6.249023e+002	4.455391e-006	
6.256104e+002	4.498223e-006	
6.263184e+002	4.559098e-006	
6.270264e+002	4.605046e-006	
6.277344e+002	4.603736e-006	
6.284424e+002	4.572091e-006	
6.291504e+002	4.549027e-006	
6.298584e+002	4.560176e-006	
6.305664e+002	4.622151e-006	
6.312744e+002	4.765664e-006	
6.319824e+002	5.091700e-006	
6.326904e+002	5.980522e-006	
6.333984e+002	8.345501e-006	
6.341064e+002	8.741657e-006	
6.348145e+002	6.699531e-006	
6.355225e+002	5.243226e-006	
6.362305e+002	4.742825e-006	
6.369385e+002	4.536939e-006	
6.376465e+002	4.435782e-006	
6.383545e+002	4.380026e-006	
6.390625e+002	4.347017e-006	
6.397705e+002	4.326745e-006	
6.404785e+002	4.314339e-006	
6.411865e+002	4.307274e-006	
6.418945e+002	4.304180e-006	
6.426025e+002	4.304172e-006	
6.433105e+002	4.306342e-006	
6.440186e+002	4.309204e-006	
6.447266e+002	4.310659e-006	
6.454346e+002	4.309050e-006	
6.461426e+002	4.304554e-006	
6.468506e+002	4.298847e-006	
6.475586e+002	4.293586e-006	
6.482666e+002	4.289568e-006	
6.489746e+002	4.286906e-006	
6.496826e+002	4.285419e-006	
6.503906e+002	4.284870e-006	
6.510986e+002	4.285071e-006	
6.518066e+002	4.285891e-006	
6.525146e+002	4.287257e-006	
6.532227e+002	4.289127e-006	
6.539307e+002	4.291471e-006	
6.546387e+002	4.294250e-006	
6.553467e+002	4.297427e-006	
6.560547e+002	4.300937e-006	
6.567627e+002	4.304722e-006	
6.574707e+002	4.308727e-006	
6.581787e+002	4.312915e-006	
6.588867e+002	4.317256e-006	
6.595947e+002	4.321720e-006	
6.603027e+002	4.326256e-006	
6.610107e+002	4.330815e-006	
6.617188e+002	4.335423e-006	
6.624268e+002	4.340248e-006	
6.631348e+002	4.345599e-006	
6.638428e+002	4.351885e-006	
6.645508e+002	4.359545e-006	
6.652588e+002	4.368911e-006	
6.659668e+002	4.379902e-006	
6.666748e+002	4.391421e-006	
6.673828e+002	4.400859e-006	
6.680908e+002	4.405054e-006	
6.687988e+002	4.402893e-006	
6.695068e+002	4.396471e-006	
6.702148e+002	4.389090e-006	
6.709229e+002	4.382995e-006	
6.716309e+002	4.378957e-006	
6.723389e+002	4.376931e-006	
6.730469e+002	4.376599e-006	
6.737549e+002	4.377627e-006	
6.744629e+002	4.379760e-006	
6.751709e+002	4.382803e-006	
6.758789e+002	4.386613e-006	
6.765869e+002	4.391083e-006	
6.772949e+002	4.396116e-006	
6.780029e+002	4.401618e-006	
6.787109e+002	4.407551e-006	
6.794189e+002	4.413963e-006	
6.801270e+002	4.420956e-006	
6.808350e+002	4.428695e-006	
6.815430e+002	4.437339e-006	
6.822510e+002	4.446963e-006	
6.829590e+002	4.457404e-006	
6.836670e+002	4.467952e-006	
6.843750e+002	4.477114e-006	
6.850830e+002	4.483103e-006	
6.857910e+002	4.485204e-006	
6.864990e+002	4.484426e-006	
6.872070e+002	4.482455e-006	
6.879150e+002	4.480447e-006	
6.886230e+002	4.478803e-006	
6.893311e+002	4.477499e-006	
6.900391e+002	4.476392e-006	
6.907471e+002	4.475369e-006	
6.914551e+002	4.474403e-006	
6.921631e+002	4.473546e-006	
6.928711e+002	4.472867e-006	
6.935791e+002	4.472407e-006	
6.942871e+002	4.472196e-006	
6.949951e+002	4.472246e-006	
6.957031e+002	4.472590e-006	
6.964111e+002	4.473335e-006	
6.971191e+002	4.474644e-006	
6.978271e+002	4.476710e-006	
6.985352e+002	4.479699e-006	
6.992432e+002	4.483717e-006	
6.999512e+002	4.488802e-006	
7.006592e+002	4.494917e-006	
7.013672e+002	4.501970e-006	
7.020752e+002	4.509857e-006	
7.027832e+002	4.518504e-006	
7.034912e+002	4.527869e-006	
7.041992e+002	4.537878e-006	
7.049072e+002	4.548374e-006	
7.056152e+002	4.559129e-006	
7.063232e+002	4.569986e-006	
7.070313e+002	4.581103e-006	
7.077393e+002	4.593124e-006	
7.084473e+002	4.607157e-006	
7.091553e+002	4.624560e-006	
7.098633e+002	4.646620e-006	
7.105713e+002	4.673932e-006	
7.112793e+002	4.704927e-006	
7.119873e+002	4.733710e-006	
7.126953e+002	4.750020e-006	
7.134033e+002	4.745449e-006	
7.141113e+002	4.721504e-006	
7.148193e+002	4.688491e-006	
7.155273e+002	4.656865e-006	
7.162354e+002	4.632085e-006	
7.169434e+002	4.615183e-006	
7.176514e+002	4.604570e-006	
7.183594e+002	4.596993e-006	
7.190674e+002	4.588840e-006	
7.197754e+002	4.578405e-006	
7.204834e+002	4.566945e-006	
7.211914e+002	4.556967e-006	
7.218994e+002	4.550177e-006	
7.226074e+002	4.547170e-006	
7.233154e+002	4.548091e-006	
7.240234e+002	4.553054e-006	
7.247314e+002	4.562161e-006	
7.254395e+002	4.575437e-006	
7.261475e+002	4.592847e-006	
7.268555e+002	4.614483e-006	
7.275635e+002	4.640592e-006	
7.282715e+002	4.670898e-006	
7.289795e+002	4.703145e-006	
7.296875e+002	4.732639e-006	
7.303955e+002	4.755083e-006	
7.311035e+002	4.770631e-006	
7.318115e+002	4.783361e-006	
7.325195e+002	4.796585e-006	
7.332275e+002	4.810267e-006	
7.339355e+002	4.822443e-006	
7.346436e+002	4.831263e-006	
7.353516e+002	4.834709e-006	
7.360596e+002	4.829689e-006	
7.367676e+002	4.813751e-006	
7.374756e+002	4.787455e-006	
7.381836e+002	4.753662e-006	
7.388916e+002	4.715638e-006	
7.395996e+002	4.676809e-006	
7.403076e+002	4.640713e-006	
7.410156e+002	4.610299e-006	
7.417236e+002	4.586519e-006	
7.424316e+002	4.566868e-006	
7.431396e+002	4.546690e-006	
7.438477e+002	4.522810e-006	
7.445557e+002	4.495737e-006	
7.452637e+002	4.469256e-006	
7.459717e+002	4.446543e-006	
7.466797e+002	4.428823e-006	
7.473877e+002	4.418397e-006	
7.480957e+002	4.417564e-006	
7.488037e+002	4.425920e-006	
7.495117e+002	4.441285e-006	
7.502197e+002	4.461268e-006	
7.509277e+002	4.483986e-006	
7.516357e+002	4.509342e-006	
7.523438e+002	4.540196e-006	
7.530518e+002	4.580768e-006	
7.537598e+002	4.625308e-006	
7.544678e+002	4.649442e-006	
7.551758e+002	4.636688e-006	
7.558838e+002	4.606679e-006	
7.565918e+002	4.588189e-006	
7.572998e+002	4.596978e-006	
7.580078e+002	4.645628e-006	
7.587158e+002	4.761977e-006	
7.594238e+002	5.042548e-006	
7.601318e+002	5.852317e-006	
7.608398e+002	7.525733e-006	
7.615479e+002	7.487583e-006	
7.622559e+002	5.789757e-006	
7.629639e+002	4.936243e-006	
7.636719e+002	4.635504e-006	
7.643799e+002	4.503846e-006	
7.650879e+002	4.435661e-006	
7.657959e+002	4.396566e-006	
7.665039e+002	4.373041e-006	
7.672119e+002	4.358958e-006	
7.679199e+002	4.351167e-006	
7.686279e+002	4.347834e-006	
7.693359e+002	4.347765e-006	
7.700439e+002	4.350156e-006	
7.707520e+002	4.354472e-006	
7.714600e+002	4.360387e-006	
7.721680e+002	4.367664e-006	
7.728760e+002	4.376039e-006	
7.735840e+002	4.385210e-006	
7.742920e+002	4.395046e-006	
7.750000e+002	4.405995e-006	
7.757080e+002	4.419331e-006	
7.764160e+002	4.437068e-006	
7.771240e+002	4.461609e-006	
7.778320e+002	4.495244e-006	
7.785400e+002	4.539014e-006	
7.792480e+002	4.590200e-006	
7.799561e+002	4.638620e-006	
7.806641e+002	4.666628e-006	
7.813721e+002	4.659572e-006	
7.820801e+002	4.619433e-006	
7.827881e+002	4.563054e-006	
7.834961e+002	4.507471e-006	
7.842041e+002	4.461348e-006	
7.849121e+002	4.426409e-006	
7.856201e+002	4.401329e-006	
7.863281e+002	4.384093e-006	
7.870361e+002	4.372890e-006	
7.877441e+002	4.366329e-006	
7.884521e+002	4.363391e-006	
7.891602e+002	4.363329e-006	
7.898682e+002	4.365536e-006	
7.905762e+002	4.369513e-006	
7.912842e+002	4.374929e-006	
7.919922e+002	4.381783e-006	
7.927002e+002	4.390526e-006	
7.934082e+002	4.402001e-006	
7.941162e+002	4.417266e-006	
7.948242e+002	4.437343e-006	
7.955322e+002	4.462679e-006	
7.962402e+002	4.491839e-006	
7.969482e+002	4.519617e-006	
7.976563e+002	4.536973e-006	
7.983643e+002	4.536279e-006	
7.990723e+002	4.518338e-006	
7.997803e+002	4.491617e-006	
8.004883e+002	4.464810e-006	
8.011963e+002	4.442347e-006	
8.019043e+002	4.425121e-006	
8.026123e+002	4.412478e-006	
8.033203e+002	4.403447e-006	
8.040283e+002	4.397144e-006	
8.047363e+002	4.392924e-006	
8.054443e+002	4.390322e-006	
8.061523e+002	4.389020e-006	
8.068604e+002	4.388805e-006	
8.075684e+002	4.389536e-006	
8.082764e+002	4.391125e-006	
8.089844e+002	4.393524e-006	
8.096924e+002	4.396706e-006	
8.104004e+002	4.400674e-006	
8.111084e+002	4.405466e-006	
8.118164e+002	4.411101e-006	
8.125244e+002	4.417584e-006	
8.132324e+002	4.424896e-006	
8.139404e+002	4.433005e-006	
8.146484e+002	4.441873e-006	
8.153564e+002	4.451444e-006	
8.160645e+002	4.461690e-006	
8.167725e+002	4.472563e-006	
8.174805e+002	4.483965e-006	
8.181885e+002	4.495719e-006	
8.188965e+002	4.507557e-006	
8.196045e+002	4.519118e-006	
8.203125e+002	4.529973e-006	
8.210205e+002	4.539676e-006	
8.217285e+002	4.547888e-006	
8.224365e+002	4.554392e-006	
8.231445e+002	4.559078e-006	
8.238525e+002	4.561926e-006	
8.245605e+002	4.562943e-006	
8.252686e+002	4.562151e-006	
8.259766e+002	4.559613e-006	
8.266846e+002	4.555502e-006	
8.273926e+002	4.550112e-006	
8.281006e+002	4.543823e-006	
8.288086e+002	4.536991e-006	
8.295166e+002	4.529899e-006	
8.302246e+002	4.522733e-006	
8.309326e+002	4.515580e-006	
8.316406e+002	4.508570e-006	
8.323486e+002	4.501945e-006	
8.330566e+002	4.496123e-006	
8.337646e+002	4.491587e-006	
8.344727e+002	4.488894e-006	
8.351807e+002	4.488532e-006	
8.358887e+002	4.490808e-006	
8.365967e+002	4.495732e-006	
8.373047e+002	4.503075e-006	
8.380127e+002	4.512567e-006	
8.387207e+002	4.524157e-006	
8.394287e+002	4.538145e-006	
8.401367e+002	4.554994e-006	
8.408447e+002	4.574854e-006	
8.415527e+002	4.597355e-006	
8.422607e+002	4.621981e-006	
8.429688e+002	4.649007e-006	
8.436768e+002	4.680379e-006	
8.443848e+002	4.719799e-006	
8.450928e+002	4.771874e-006	
8.458008e+002	4.840789e-006	
8.465088e+002	4.928296e-006	
8.472168e+002	5.029942e-006	
8.479248e+002	5.129447e-006	
8.486328e+002	5.197758e-006	
8.493408e+002	5.208135e-006	
8.500488e+002	5.159035e-006	
8.507568e+002	5.075190e-006	
8.514648e+002	4.985577e-006	
8.521729e+002	4.906919e-006	
8.528809e+002	4.842716e-006	
8.535889e+002	4.789105e-006	
8.542969e+002	4.740712e-006	
8.550049e+002	4.694142e-006	
8.557129e+002	4.649256e-006	
8.564209e+002	4.608423e-006	
8.571289e+002	4.574677e-006	
8.578369e+002	4.549594e-006	
8.585449e+002	4.531089e-006	
8.592529e+002	4.514009e-006	
8.599609e+002	4.494277e-006	
8.606689e+002	4.472385e-006	
8.613770e+002	4.453753e-006	
8.620850e+002	4.444827e-006	
8.627930e+002	4.449440e-006	
8.635010e+002	4.470717e-006	
8.642090e+002	4.509176e-006	
8.649170e+002	4.555750e-006	
8.656250e+002	4.591323e-006	
8.663330e+002	4.598027e-006	
8.670410e+002	4.573988e-006	
8.677490e+002	4.534817e-006	
8.684570e+002	4.501741e-006	
8.691650e+002	4.491772e-006	
8.698730e+002	4.506861e-006	
8.705811e+002	4.521710e-006	
8.712891e+002	4.506010e-006	
8.719971e+002	4.467725e-006	
8.727051e+002	4.439243e-006	
8.734131e+002	4.441360e-006	
8.741211e+002	4.488281e-006	
8.748291e+002	4.605405e-006	
8.755371e+002	4.877006e-006	
8.762451e+002	5.618376e-006	
8.769531e+002	7.496398e-006	
8.776611e+002	8.301471e-006	
8.783691e+002	6.429912e-006	
8.790771e+002	5.070454e-006	
8.797852e+002	4.612477e-006	
8.804932e+002	4.425778e-006	
8.812012e+002	4.335163e-006	
8.819092e+002	4.286088e-006	
8.826172e+002	4.257809e-006	
8.833252e+002	4.241179e-006	
8.840332e+002	4.231683e-006	
8.847412e+002	4.226996e-006	
8.854492e+002	4.225843e-006	
8.861572e+002	4.227445e-006	
8.868652e+002	4.231188e-006	
8.875732e+002	4.236254e-006	
8.882813e+002	4.241292e-006	
8.889893e+002	4.244642e-006	
8.896973e+002	4.245436e-006	
8.904053e+002	4.244294e-006	
8.911133e+002	4.242613e-006	
8.918213e+002	4.241433e-006	
8.925293e+002	4.241157e-006	
8.932373e+002	4.241774e-006	
8.939453e+002	4.243142e-006	
8.946533e+002	4.245110e-006	
8.953613e+002	4.247599e-006	
8.960693e+002	4.250561e-006	
8.967773e+002	4.253950e-006	
8.974854e+002	4.257766e-006	
8.981934e+002	4.262012e-006	
8.989014e+002	4.266695e-006	
8.996094e+002	4.271830e-006	
9.003174e+002	4.277488e-006	
9.010254e+002	4.283790e-006	
9.017334e+002	4.290833e-006	
9.024414e+002	4.298654e-006	
9.031494e+002	4.307245e-006	
9.038574e+002	4.316558e-006	
9.045654e+002	4.326503e-006	
9.052734e+002	4.337062e-006	
9.059814e+002	4.348309e-006	
9.066895e+002	4.360325e-006	
9.073975e+002	4.373099e-006	
9.081055e+002	4.386517e-006	
9.088135e+002	4.400414e-006	
9.095215e+002	4.414665e-006	
9.102295e+002	4.429200e-006	
9.109375e+002	4.444021e-006	
9.116455e+002	4.459118e-006	
9.123535e+002	4.474369e-006	
9.130615e+002	4.489521e-006	
9.137695e+002	4.504224e-006	
9.144775e+002	4.517898e-006	
9.151855e+002	4.529569e-006	
9.158936e+002	4.538118e-006	
9.166016e+002	4.542985e-006	
9.173096e+002	4.544540e-006	
9.180176e+002	4.543635e-006	
9.187256e+002	4.540781e-006	
9.194336e+002	4.535849e-006	
9.201416e+002	4.528472e-006	
9.208496e+002	4.518542e-006	
9.215576e+002	4.506569e-006	
9.222656e+002	4.493681e-006	
9.229736e+002	4.481222e-006	
9.236816e+002	4.470310e-006	
9.243896e+002	4.461331e-006	
9.250977e+002	4.453738e-006	
9.258057e+002	4.446670e-006	
9.265137e+002	4.439888e-006	
9.272217e+002	4.434239e-006	
9.279297e+002	4.431213e-006	
9.286377e+002	4.432241e-006	
9.293457e+002	4.439382e-006	
9.300537e+002	4.455297e-006	
9.307617e+002	4.481445e-006	
9.314697e+002	4.517181e-006	
9.321777e+002	4.560055e-006	
9.328857e+002	4.606236e-006	
9.335938e+002	4.651587e-006	
9.343018e+002	4.694598e-006	
9.350098e+002	4.739215e-006	
9.357178e+002	4.791625e-006	
9.364258e+002	4.851151e-006	
9.371338e+002	4.910301e-006	
9.378418e+002	4.967120e-006	
9.385498e+002	5.026465e-006	
9.392578e+002	5.090782e-006	
9.399658e+002	5.164888e-006	
9.406738e+002	5.271148e-006	
9.413818e+002	5.479023e-006	
9.420898e+002	6.016072e-006	
9.427979e+002	7.519472e-006	
9.435059e+002	8.740803e-006	
9.442139e+002	7.421428e-006	
9.449219e+002	5.800311e-006	
9.456299e+002	5.203281e-006	
9.463379e+002	4.923990e-006	
9.470459e+002	4.760017e-006	
9.477539e+002	4.652090e-006	
9.484619e+002	4.571695e-006	
9.491699e+002	4.497638e-006	
9.498779e+002	4.417556e-006	
9.505859e+002	4.330996e-006	
9.512939e+002	4.246497e-006	
9.520020e+002	4.172054e-006	
9.527100e+002	4.110258e-006	
9.534180e+002	4.066267e-006	
9.541260e+002	4.045512e-006	
9.548340e+002	4.046056e-006	
9.555420e+002	4.061343e-006	
9.562500e+002	4.084864e-006	
9.569580e+002	4.112500e-006	
9.576660e+002	4.146876e-006	
9.583740e+002	4.201236e-006	
9.590820e+002	4.292386e-006	
9.597900e+002	4.407897e-006	
9.604980e+002	4.483144e-006	
9.612061e+002	4.469061e-006	
9.619141e+002	4.411395e-006	
9.626221e+002	4.387693e-006	
9.633301e+002	4.437244e-006	
9.640381e+002	4.597447e-006	
9.647461e+002	4.951199e-006	
9.654541e+002	5.787969e-006	
9.661621e+002	8.174253e-006	
9.668701e+002	1.243882e-005	
9.675781e+002	1.284560e-005	
9.682861e+002	7.634811e-006	
9.689941e+002	5.438673e-006	
9.697021e+002	4.661532e-006	
9.704102e+002	4.320046e-006	
9.711182e+002	4.143963e-006	
9.718262e+002	4.042985e-006	
9.725342e+002	3.980720e-006	
9.732422e+002	3.940282e-006	
9.739502e+002	3.912975e-006	
9.746582e+002	3.893948e-006	
9.753662e+002	3.880336e-006	
9.760742e+002	3.870369e-006	
9.767822e+002	3.862910e-006	
9.774902e+002	3.857205e-006	
9.781982e+002	3.852732e-006	
9.789063e+002	3.849138e-006	
9.796143e+002	3.846200e-006	
9.803223e+002	3.843802e-006	
9.810303e+002	3.841890e-006	
9.817383e+002	3.840436e-006	
9.824463e+002	3.839403e-006	
9.831543e+002	3.838746e-006	
9.838623e+002	3.838407e-006	
9.845703e+002	3.838351e-006	
9.852783e+002	3.838595e-006	
9.859863e+002	3.839201e-006	
9.866943e+002	3.840262e-006	
9.874023e+002	3.841869e-006	
9.881104e+002	3.844110e-006	
9.888184e+002	3.847038e-006	
9.895264e+002	3.850669e-006	
9.902344e+002	3.854992e-006	
9.909424e+002	3.859980e-006	
9.916504e+002	3.865616e-006	
9.923584e+002	3.871900e-006	
9.930664e+002	3.878831e-006	
9.937744e+002	3.886362e-006	
9.944824e+002	3.894414e-006	
9.951904e+002	3.902956e-006	
9.958984e+002	3.912152e-006	
9.966064e+002	3.922509e-006	
9.973145e+002	3.934850e-006	
9.980225e+002	3.950187e-006	
9.987305e+002	3.969530e-006	
9.994385e+002	3.993450e-006	
1.000146e+003	4.021065e-006	
1.000854e+003	4.048398e-006	
1.001563e+003	4.067819e-006	
1.002271e+003	4.071895e-006	
1.002979e+003	4.060043e-006	
1.003687e+003	4.039304e-006	
1.004395e+003	4.017816e-006	
1.005103e+003	4.000038e-006	
1.005811e+003	3.987009e-006	
1.006519e+003	3.978211e-006	
1.007227e+003	3.972736e-006	
1.007935e+003	3.969757e-006	
1.008643e+003	3.968627e-006	
1.009351e+003	3.968875e-006	
1.010059e+003	3.970159e-006	
1.010767e+003	3.972234e-006	
1.011475e+003	3.974923e-006	
1.012183e+003	3.978097e-006	
1.012891e+003	3.981656e-006	
1.013599e+003	3.985532e-006	
1.014307e+003	3.989667e-006	
1.015015e+003	3.994014e-006	
1.015723e+003	3.998538e-006	
1.016431e+003	4.003217e-006	
1.017139e+003	4.008019e-006	
1.017847e+003	4.012928e-006	
1.018555e+003	4.017935e-006	
1.019263e+003	4.023020e-006	
1.019971e+003	4.028181e-006	
1.020679e+003	4.033408e-006	
1.021387e+003	4.038696e-006	
1.022095e+003	4.044043e-006	
1.022803e+003	4.049446e-006	
1.023511e+003	4.054908e-006	
1.024219e+003	4.060426e-006	
1.024927e+003	4.066002e-006	
1.025635e+003	4.071638e-006	
1.026343e+003	4.077329e-006	
1.027051e+003	4.083083e-006	
1.027759e+003	4.088889e-006	
1.028467e+003	4.094752e-006	
1.029175e+003	4.100663e-006	
1.029883e+003	4.106620e-006	
1.030591e+003	4.112622e-006	
1.031299e+003	4.118668e-006	
1.032007e+003	4.124745e-006	
1.032715e+003	4.130860e-006	
1.033423e+003	4.137007e-006	
1.034131e+003	4.143186e-006	
1.034839e+003	4.149402e-006	
1.035547e+003	4.155654e-006	
1.036255e+003	4.161942e-006	
1.036963e+003	4.168282e-006	
1.037671e+003	4.174667e-006	
1.038379e+003	4.181103e-006	
1.039087e+003	4.187595e-006	
1.039795e+003	4.194141e-006	
1.040503e+003	4.200741e-006	
1.041211e+003	4.207393e-006	
1.041919e+003	4.214096e-006	
1.042627e+003	4.220843e-006	
1.043335e+003	4.227624e-006	
1.044043e+003	4.234443e-006	
1.044751e+003	4.241285e-006	
1.045459e+003	4.248147e-006	
1.046167e+003	4.255029e-006	
1.046875e+003	4.261928e-006	
1.047583e+003	4.268838e-006	
1.048291e+003	4.275766e-006	
1.048999e+003	4.282713e-006	
1.049707e+003	4.289681e-006	
1.050415e+003	4.296669e-006	
1.051123e+003	4.303690e-006	
1.051831e+003	4.310741e-006	
1.052539e+003	4.317825e-006	
1.053247e+003	4.324944e-006	
1.053955e+003	4.332105e-006	
1.054663e+003	4.339303e-006	
1.055371e+003	4.346551e-006	
1.056079e+003	4.353873e-006	
1.056787e+003	4.361274e-006	
1.057495e+003	4.368755e-006	
1.058203e+003	4.376303e-006	
1.058911e+003	4.383908e-006	
1.059619e+003	4.391587e-006	
1.060327e+003	4.399339e-006	
1.061035e+003	4.407173e-006	
1.061743e+003	4.415096e-006	
1.062451e+003	4.423117e-006	
1.063159e+003	4.431244e-006	
1.063867e+003	4.439480e-006	
1.064575e+003	4.447837e-006	
1.065283e+003	4.456307e-006	
1.065991e+003	4.464885e-006	
1.066699e+003	4.473578e-006	
1.067407e+003	4.482349e-006	
1.068115e+003	4.491190e-006	
1.068823e+003	4.500091e-006	
1.069531e+003	4.509013e-006	
1.070239e+003	4.517942e-006	
1.070947e+003	4.526875e-006	
1.071655e+003	4.535773e-006	
1.072363e+003	4.544620e-006	
1.073071e+003	4.553464e-006	
1.073779e+003	4.562274e-006	
1.074487e+003	4.571015e-006	
1.075195e+003	4.579657e-006	
1.075903e+003	4.588175e-006	
1.076611e+003	4.596546e-006	
1.077319e+003	4.604772e-006	
1.078027e+003	4.612875e-006	
1.078735e+003	4.620877e-006	
1.079443e+003	4.628801e-006	
1.080151e+003	4.636705e-006	
1.080859e+003	4.644642e-006	
1.081567e+003	4.652662e-006	
1.082275e+003	4.660782e-006	
1.082983e+003	4.669049e-006	
1.083691e+003	4.677517e-006	
1.084399e+003	4.686159e-006	
1.085107e+003	4.695000e-006	
1.085815e+003	4.704096e-006	
1.086523e+003	4.713469e-006	
1.087231e+003	4.723165e-006	
1.087939e+003	4.733295e-006	
1.088647e+003	4.743941e-006	
1.089355e+003	4.755177e-006	
1.090063e+003	4.767076e-006	
1.090771e+003	4.779625e-006	
1.091479e+003	4.792789e-006	
1.092188e+003	4.806509e-006	
1.092896e+003	4.820667e-006	
1.093604e+003	4.835152e-006	
1.094312e+003	4.849955e-006	
1.095020e+003	4.865060e-006	
1.095728e+003	4.880396e-006	
1.096436e+003	4.895888e-006	
1.097144e+003	4.911445e-006	
1.097852e+003	4.926877e-006	
1.098560e+003	4.941890e-006	
1.099268e+003	4.956205e-006	
1.099976e+003	4.969613e-006	
1.100684e+003	4.981924e-006	
1.101392e+003	4.992961e-006	
1.102100e+003	5.002670e-006	
1.102808e+003	5.011041e-006	
1.103516e+003	5.018000e-006	
1.104224e+003	5.023472e-006	
1.104932e+003	5.027498e-006	
1.105640e+003	5.030266e-006	
1.106348e+003	5.032040e-006	
1.107056e+003	5.033166e-006	
1.107764e+003	5.034104e-006	
1.108472e+003	5.035227e-006	
1.109180e+003	5.036703e-006	
1.109888e+003	5.038609e-006	
1.110596e+003	5.041132e-006	
1.111304e+003	5.044609e-006	
1.112012e+003	5.049572e-006	
1.112720e+003	5.056755e-006	
1.113428e+003	5.066747e-006	
1.114136e+003	5.079653e-006	
1.114844e+003	5.095124e-006	
1.115552e+003	5.112659e-006	
1.116260e+003	5.132198e-006	
1.116968e+003	5.154558e-006	
1.117676e+003	5.180998e-006	
1.118384e+003	5.212236e-006	
1.119092e+003	5.247810e-006	
1.119800e+003	5.286154e-006	
1.120508e+003	5.325514e-006	
1.121216e+003	5.365545e-006	
1.121924e+003	5.407993e-006	
1.122632e+003	5.455584e-006	
1.123340e+003	5.510241e-006	
1.124048e+003	5.572166e-006	
1.124756e+003	5.639800e-006	
1.125464e+003	5.709665e-006	
1.126172e+003	5.775158e-006	
1.126880e+003	5.825998e-006	
1.127588e+003	5.852501e-006	
1.128296e+003	5.852863e-006	
1.129004e+003	5.835027e-006	
1.129712e+003	5.809030e-006	
1.130420e+003	5.777329e-006	
1.131128e+003	5.733809e-006	
1.131836e+003	5.671247e-006	
1.132544e+003	5.588029e-006	
1.133252e+003	5.491525e-006	
1.133960e+003	5.396527e-006	
1.134668e+003	5.318738e-006	
1.135376e+003	5.267528e-006	
1.136084e+003	5.238089e-006	
1.136792e+003	5.212853e-006	
1.137500e+003	5.176180e-006	
1.138208e+003	5.127336e-006	
1.138916e+003	5.081555e-006	
1.139624e+003	5.058200e-006	
1.140332e+003	5.064740e-006	
1.141040e+003	5.107171e-006	
1.141748e+003	5.192249e-006	
1.142456e+003	5.314128e-006	
1.143164e+003	5.453832e-006	
1.143872e+003	5.586038e-006	
1.144580e+003	5.688240e-006	
1.145288e+003	5.757310e-006	
1.145996e+003	5.818667e-006	
1.146704e+003	5.911749e-006	
1.147412e+003	6.040430e-006	
1.148120e+003	6.118094e-006	
1.148828e+003	6.036542e-006	
1.149536e+003	5.826891e-006	
1.150244e+003	5.620562e-006	
1.150952e+003	5.499357e-006	
1.151660e+003	5.534558e-006	
1.152368e+003	5.827080e-006	
1.153076e+003	6.671200e-006	
1.153784e+003	9.144838e-006	
1.154492e+003	1.495985e-005	
1.155200e+003	1.878996e-005	
1.155908e+003	1.054670e-005	
1.156616e+003	6.290638e-006	
1.157324e+003	4.757095e-006	
1.158032e+003	4.059098e-006	
1.158740e+003	3.700992e-006	
1.159448e+003	3.519230e-006	
1.160156e+003	3.436984e-006	
1.160864e+003	3.411269e-006	
1.161572e+003	3.416636e-006	
1.162280e+003	3.445696e-006	
1.162988e+003	3.515946e-006	
1.163696e+003	3.664100e-006	
1.164404e+003	3.892262e-006	
1.165112e+003	4.084001e-006	
1.165820e+003	4.088815e-006	
1.166528e+003	3.955171e-006	
1.167236e+003	3.868389e-006	
1.167944e+003	3.923244e-006	
1.168652e+003	4.197682e-006	
1.169360e+003	4.825529e-006	
1.170068e+003	6.259013e-006	
1.170776e+003	1.015145e-005	
1.171484e+003	1.920989e-005	
1.172192e+003	2.561880e-005	
1.172900e+003	1.319205e-005	
1.173608e+003	6.868398e-006	
1.174316e+003	4.713461e-006	
1.175024e+003	3.798029e-006	
1.175732e+003	3.333446e-006	
1.176440e+003	3.067132e-006	
1.177148e+003	2.900867e-006	
1.177856e+003	2.790306e-006	
1.178564e+003	2.712951e-006	
1.179272e+003	2.656401e-006	
1.179980e+003	2.613491e-006	
1.180688e+003	2.580027e-006	
1.181396e+003	2.553550e-006	
1.182104e+003	2.532547e-006	
1.182813e+003	2.515936e-006	
1.183521e+003	2.502679e-006	
1.184229e+003	2.491686e-006	
1.184937e+003	2.482120e-006	
1.185645e+003	2.473627e-006	
1.186353e+003	2.466296e-006	
1.187061e+003	2.460341e-006	
1.187769e+003	2.455733e-006	
1.188477e+003	2.452567e-006	
1.189185e+003	2.451078e-006	
1.189893e+003	2.451220e-006	
1.190601e+003	2.452713e-006	
1.191309e+003	2.455277e-006	
1.192017e+003	2.458734e-006	
1.192725e+003	2.463192e-006	
1.193433e+003	2.469227e-006	
1.194141e+003	2.477815e-006	
1.194849e+003	2.489298e-006	
1.195557e+003	2.501978e-006	
1.196265e+003	2.514051e-006	
1.196973e+003	2.528157e-006	
1.197681e+003	2.550477e-006	
1.198389e+003	2.588013e-006	
1.199097e+003	2.653648e-006	
1.199805e+003	2.778016e-006	
1.200513e+003	3.052653e-006	
1.201221e+003	3.798641e-006	
1.201929e+003	5.473762e-006	
1.202637e+003	6.501429e-006	
1.203345e+003	4.225496e-006	
1.204053e+003	3.195891e-006	
1.204761e+003	2.843003e-006	
1.205469e+003	2.692711e-006	
1.206177e+003	2.617226e-006	
1.206885e+003	2.574970e-006	
1.207593e+003	2.549585e-006	
1.208301e+003	2.533644e-006	
1.209009e+003	2.523400e-006	
1.209717e+003	2.516796e-006	
1.210425e+003	2.512628e-006	
1.211133e+003	2.510158e-006	
1.211841e+003	2.508908e-006	
1.212549e+003	2.508561e-006	
1.213257e+003	2.508895e-006	
1.213965e+003	2.509760e-006	
1.214673e+003	2.511039e-006	
1.215381e+003	2.512654e-006	
1.216089e+003	2.514540e-006	
1.216797e+003	2.516653e-006	
1.217505e+003	2.518954e-006	
1.218213e+003	2.521418e-006	
1.218921e+003	2.524020e-006	
1.219629e+003	2.526743e-006	
1.220337e+003	2.529578e-006	
1.221045e+003	2.532505e-006	
1.221753e+003	2.535523e-006	
1.222461e+003	2.538616e-006	
1.223169e+003	2.541783e-006	
1.223877e+003	2.545019e-006	
1.224585e+003	2.548316e-006	
1.225293e+003	2.551671e-006	
1.226001e+003	2.555081e-006	
1.226709e+003	2.558540e-006	
1.227417e+003	2.562046e-006	
1.228125e+003	2.565596e-006	
1.228833e+003	2.569187e-006	
1.229541e+003	2.572815e-006	
1.230249e+003	2.576482e-006	
1.230957e+003	2.580183e-006	
1.231665e+003	2.583915e-006	
1.232373e+003	2.587680e-006	
1.233081e+003	2.591475e-006	
1.233789e+003	2.595297e-006	
1.234497e+003	2.599152e-006	
1.235205e+003	2.603034e-006	
1.235913e+003	2.606943e-006	
1.236621e+003	2.610884e-006	
1.237329e+003	2.614852e-006	
1.238037e+003	2.618851e-006	
1.238745e+003	2.622880e-006	
1.239453e+003	2.626938e-006	
1.240161e+003	2.631027e-006	
1.240869e+003	2.635145e-006	
1.241577e+003	2.639297e-006	
1.242285e+003	2.643476e-006	
1.242993e+003	2.647685e-006	
1.243701e+003	2.651923e-006	
1.244409e+003	2.656187e-006	
1.245117e+003	2.660480e-006	
1.245825e+003	2.664798e-006	
1.246533e+003	2.669141e-006	
1.247241e+003	2.673507e-006	
1.247949e+003	2.677898e-006	
1.248657e+003	2.682309e-006	
1.249365e+003	2.686748e-006	
1.250073e+003	2.691209e-006	
1.250781e+003	2.695692e-006	
1.251489e+003	2.700203e-006	
1.252197e+003	2.704739e-006	
1.252905e+003	2.709304e-006	
1.253613e+003	2.713897e-006	
1.254321e+003	2.718518e-006	
1.255029e+003	2.723173e-006	
1.255737e+003	2.727855e-006	
1.256445e+003	2.732570e-006	
1.257153e+003	2.737316e-006	
1.257861e+003	2.742092e-006	
1.258569e+003	2.746897e-006	
1.259277e+003	2.751730e-006	
1.259985e+003	2.756590e-006	
1.260693e+003	2.761476e-006	
1.261401e+003	2.766386e-006	
1.262109e+003	2.771319e-006	
1.262817e+003	2.776278e-006	
1.263525e+003	2.781258e-006	
1.264233e+003	2.786265e-006	
1.264941e+003	2.791298e-006	
1.265649e+003	2.796361e-006	
1.266357e+003	2.801453e-006	
1.267065e+003	2.806583e-006	
1.267773e+003	2.811750e-006	
1.268481e+003	2.816954e-006	
1.269189e+003	2.822203e-006	
1.269897e+003	2.827494e-006	
1.270605e+003	2.832828e-006	
1.271313e+003	2.838206e-006	
1.272021e+003	2.843624e-006	
1.272729e+003	2.849080e-006	
1.273438e+003	2.854570e-006	
1.274146e+003	2.860091e-006	
1.274854e+003	2.865641e-006	
1.275562e+003	2.871211e-006	
1.276270e+003	2.876803e-006	
1.276978e+003	2.882416e-006	
1.277686e+003	2.888045e-006	
1.278394e+003	2.893696e-006	
1.279102e+003	2.899366e-006	
1.279810e+003	2.905058e-006	
1.280518e+003	2.910773e-006	
1.281226e+003	2.916521e-006	
1.281934e+003	2.922300e-006	
1.282642e+003	2.928118e-006	
1.283350e+003	2.933975e-006	
1.284058e+003	2.939873e-006	
1.284766e+003	2.945818e-006	
1.285474e+003	2.951806e-006	
1.286182e+003	2.957842e-006	
1.286890e+003	2.963923e-006	
1.287598e+003	2.970048e-006	
1.288306e+003	2.976211e-006	
1.289014e+003	2.982412e-006	
1.289722e+003	2.988652e-006	
1.290430e+003	2.994928e-006	
1.291138e+003	3.001245e-006	
1.291846e+003	3.007604e-006	
1.292554e+003	3.014015e-006	
1.293262e+003	3.020482e-006	
1.293970e+003	3.027010e-006	
1.294678e+003	3.033608e-006	
1.295386e+003	3.040282e-006	
1.296094e+003	3.047033e-006	
1.296802e+003	3.053865e-006	
1.297510e+003	3.060777e-006	
1.298218e+003	3.067762e-006	
1.298926e+003	3.074817e-006	
1.299634e+003	3.081934e-006	
1.300342e+003	3.089104e-006	
1.301050e+003	3.096320e-006	
1.301758e+003	3.103564e-006	
1.302466e+003	3.110831e-006	
1.303174e+003	3.118112e-006	
1.303882e+003	3.125396e-006	
1.304590e+003	3.132678e-006	
1.305298e+003	3.139949e-006	
1.306006e+003	3.147211e-006	
1.306714e+003	3.154461e-006	
1.307422e+003	3.161701e-006	
1.308130e+003	3.168936e-006	
1.308838e+003	3.176169e-006	
1.309546e+003	3.183405e-006	
1.310254e+003	3.190652e-006	
1.310962e+003	3.197915e-006	
1.311670e+003	3.205186e-006	
1.312378e+003	3.212471e-006	
1.313086e+003	3.219803e-006	
1.313794e+003	3.227187e-006	
1.314502e+003	3.234624e-006	
1.315210e+003	3.242107e-006	
1.315918e+003	3.249658e-006	
1.316626e+003	3.257343e-006	
1.317334e+003	3.265192e-006	
1.318042e+003	3.273223e-006	
1.318750e+003	3.281441e-006	
1.319458e+003	3.289860e-006	
1.320166e+003	3.298523e-006	
1.320874e+003	3.307430e-006	
1.321582e+003	3.316610e-006	
1.322290e+003	3.326063e-006	
1.322998e+003	3.335784e-006	
1.323706e+003	3.345795e-006	
1.324414e+003	3.356044e-006	
1.325122e+003	3.366526e-006	
1.325830e+003	3.377213e-006	
1.326538e+003	3.388051e-006	
1.327246e+003	3.399003e-006	
1.327954e+003	3.410029e-006	
1.328662e+003	3.421072e-006	
1.329370e+003	3.432068e-006	
1.330078e+003	3.442954e-006	
1.330786e+003	3.453679e-006	
1.331494e+003	3.464175e-006	
1.332202e+003	3.474364e-006	
1.332910e+003	3.484214e-006	
1.333618e+003	3.493685e-006	
1.334326e+003	3.502685e-006	
1.335034e+003	3.511166e-006	
1.335742e+003	3.519105e-006	
1.336450e+003	3.526447e-006	
1.337158e+003	3.533217e-006	
1.337866e+003	3.539559e-006	
1.338574e+003	3.545629e-006	
1.339282e+003	3.551501e-006	
1.339990e+003	3.557257e-006	
1.340698e+003	3.562974e-006	
1.341406e+003	3.568708e-006	
1.342114e+003	3.574596e-006	
1.342822e+003	3.580965e-006	
1.343530e+003	3.588196e-006	
1.344238e+003	3.596519e-006	
1.344946e+003	3.606039e-006	
1.345654e+003	3.616871e-006	
1.346362e+003	3.629133e-006	
1.347070e+003	3.642768e-006	
1.347778e+003	3.657537e-006	
1.348486e+003	3.673256e-006	
1.349194e+003	3.690018e-006	
1.349902e+003	3.708141e-006	
1.350610e+003	3.727986e-006	
1.351318e+003	3.749711e-006	
1.352026e+003	3.773205e-006	
1.352734e+003	3.798247e-006	
1.353442e+003	3.824747e-006	
1.354150e+003	3.852877e-006	
1.354858e+003	3.882797e-006	
1.355566e+003	3.914294e-006	
1.356274e+003	3.946443e-006	
1.356982e+003	3.977364e-006	
1.357690e+003	4.004800e-006	
1.358398e+003	4.027511e-006	
1.359106e+003	4.045763e-006	
1.359814e+003	4.060409e-006	
1.360522e+003	4.071358e-006	
1.361230e+003	4.077400e-006	
1.361938e+003	4.077876e-006	
1.362646e+003	4.073122e-006	
1.363354e+003	4.063780e-006	
1.364063e+003	4.050645e-006	
1.364771e+003	4.034605e-006	
1.365479e+003	4.016020e-006	
1.366187e+003	3.994331e-006	
1.366895e+003	3.969126e-006	
1.367603e+003	3.941481e-006	
1.368311e+003	3.912422e-006	
1.369019e+003	3.879989e-006	
1.369727e+003	3.841991e-006	
1.370435e+003	3.802853e-006	
1.371143e+003	3.770314e-006	
1.371851e+003	3.748572e-006	
1.372559e+003	3.740872e-006	
1.373267e+003	3.753066e-006	
1.373975e+003	3.803912e-006	
1.374683e+003	3.957059e-006	
1.375391e+003	4.337485e-006	
1.376099e+003	4.493161e-006	
1.376807e+003	4.082900e-006	
1.377515e+003	3.977597e-006	
1.378223e+003	3.990034e-006	
1.378931e+003	4.040149e-006	
1.379639e+003	4.117397e-006	
1.380347e+003	4.225329e-006	
1.381055e+003	4.364286e-006	
1.381763e+003	4.536566e-006	
1.382471e+003	4.753097e-006	
1.383179e+003	5.051653e-006	
1.383887e+003	5.567507e-006	
1.384595e+003	6.526617e-006	
1.385303e+003	6.618985e-006	
1.386011e+003	5.911781e-006	
1.386719e+003	5.738398e-006	
1.387427e+003	5.713192e-006	
1.388135e+003	5.690703e-006	
1.388843e+003	5.627021e-006	
1.389551e+003	5.520345e-006	
1.390259e+003	5.384471e-006	
1.390967e+003	5.229614e-006	
1.391675e+003	5.057116e-006	
1.392383e+003	4.865530e-006	
1.393091e+003	4.650306e-006	
1.393799e+003	4.405866e-006	
1.394507e+003	4.135946e-006	
1.395215e+003	3.858621e-006	
1.395923e+003	3.597173e-006	
1.396631e+003	3.359516e-006	
1.397339e+003	3.124006e-006	
1.398047e+003	2.878638e-006	
1.398755e+003	2.641335e-006	
1.399463e+003	2.439057e-006	
1.400171e+003	2.283803e-006	
1.400879e+003	2.170541e-006	
1.401587e+003	2.103186e-006	
1.402295e+003	2.093838e-006	
1.403003e+003	2.151722e-006	
1.403711e+003	2.292941e-006	
1.404419e+003	2.519900e-006	
1.405127e+003	2.745555e-006	
1.405835e+003	2.839818e-006	
1.406543e+003	2.849604e-006	
1.407251e+003	2.973295e-006	
1.407959e+003	3.268756e-006	
1.408667e+003	3.641527e-006	
1.409375e+003	4.045483e-006	
1.410083e+003	4.872745e-006	
1.410791e+003	7.292409e-006	
1.411499e+003	1.426649e-005	
1.412207e+003	2.249192e-005	
1.412915e+003	1.236332e-005	
1.413623e+003	8.768845e-006	
1.414331e+003	1.174579e-005	
1.415039e+003	2.323158e-005	
1.415747e+003	2.411347e-005	
1.416455e+003	9.911872e-006	
1.417163e+003	4.941031e-006	
1.417871e+003	3.303306e-006	
1.418579e+003	2.877226e-006	
1.419287e+003	2.359950e-006	
1.419995e+003	2.626019e-006	
1.420703e+003	3.051067e-006	
1.421411e+003	2.732654e-006	
1.422119e+003	1.498776e-006	
1.422827e+003	9.142303e-007	
1.423535e+003	6.764909e-007	
1.424243e+003	5.540068e-007	
1.424951e+003	4.802606e-007	
1.425659e+003	4.335960e-007	
1.426367e+003	4.084292e-007	
1.427075e+003	4.036912e-007	
1.427783e+003	4.073492e-007	
1.428491e+003	3.953118e-007	
1.429199e+003	3.637747e-007	
1.429907e+003	3.354310e-007	
1.430615e+003	3.232373e-007	
1.431323e+003	3.361000e-007	
1.432031e+003	3.844642e-007	
1.432739e+003	5.015829e-007	
1.433447e+003	8.034114e-007	
1.434155e+003	1.681992e-006	
1.434863e+003	3.251536e-006	
1.435571e+003	1.813191e-006	
1.436279e+003	7.642153e-007	
1.436987e+003	4.172718e-007	
1.437695e+003	2.751335e-007	
1.438403e+003	2.039831e-007	
1.439111e+003	1.627624e-007	
1.439819e+003	1.366224e-007	
1.440527e+003	1.193717e-007	
1.441235e+003	1.082059e-007	
1.441943e+003	1.022091e-007	
1.442651e+003	1.025596e-007	
1.443359e+003	1.155435e-007	
1.444067e+003	1.651298e-007	
1.444775e+003	2.940394e-007	
1.445483e+003	2.387117e-007	
1.446191e+003	1.233646e-007	
1.446899e+003	8.353465e-008	
1.447607e+003	6.677147e-008	
1.448315e+003	5.771029e-008	
1.449023e+003	5.187852e-008	
1.449731e+003	4.766260e-008	
1.450439e+003	4.436984e-008	
1.451147e+003	4.166065e-008	
1.451855e+003	3.935039e-008	
1.452563e+003	3.733012e-008	
1.453271e+003	3.553096e-008	
1.453979e+003	3.390690e-008	
1.454688e+003	3.242576e-008	
1.455396e+003	3.106407e-008	
1.456104e+003	2.980420e-008	
1.456812e+003	2.863244e-008	
1.457520e+003	2.753786e-008	
1.458228e+003	2.651143e-008	
1.458936e+003	2.554564e-008	
1.459644e+003	2.463424e-008	
1.460352e+003	2.377193e-008	
1.461060e+003	2.295418e-008	
1.461768e+003	2.217699e-008	
1.462476e+003	2.143652e-008	
1.463184e+003	2.072911e-008	
1.463892e+003	2.005143e-008	
1.464600e+003	1.940067e-008	
1.465308e+003	1.877460e-008	
1.466016e+003	1.817144e-008	
1.466724e+003	1.758930e-008	
1.467432e+003	1.702593e-008	
1.468140e+003	1.647884e-008	
1.468848e+003	1.594556e-008	
1.469556e+003	1.542400e-008	
1.470264e+003	1.491232e-008	
1.470972e+003	1.440915e-008	
1.471680e+003	1.391442e-008	
1.472388e+003	1.343024e-008	
1.473096e+003	1.295974e-008	
1.473804e+003	1.250477e-008	
1.474512e+003	1.206483e-008	
1.475220e+003	1.163862e-008	
1.475928e+003	1.122638e-008	
1.476636e+003	1.082999e-008	
1.477344e+003	1.045223e-008	
1.478052e+003	1.009538e-008	
1.478760e+003	9.759711e-009	
1.479468e+003	9.443690e-009	
1.480176e+003	9.143832e-009	
1.480884e+003	8.856313e-009	
1.481592e+003	8.580441e-009	
1.482300e+003	8.318831e-009	
1.483008e+003	8.074684e-009	
1.483716e+003	7.849948e-009	
1.484424e+003	7.641625e-009	
1.485132e+003	7.448052e-009	
1.485840e+003	7.268431e-009	
1.486548e+003	7.098454e-009	
1.487256e+003	6.933471e-009	
1.487964e+003	6.770970e-009	
1.488672e+003	6.609591e-009	
1.489380e+003	6.449433e-009	
1.490088e+003	6.291690e-009	
1.490796e+003	6.136836e-009	
1.491504e+003	5.981039e-009	
1.492212e+003	5.809417e-009	
1.492920e+003	5.611959e-009	
1.493628e+003	5.416481e-009	
1.494336e+003	5.255039e-009	
1.495044e+003	5.116453e-009	
1.495752e+003	4.994237e-009	
1.496460e+003	4.877475e-009	
1.497168e+003	4.763058e-009	
1.497876e+003	4.649080e-009	
1.498584e+003	4.536215e-009	
1.499292e+003	4.424497e-009	
