                                                                     
                                                                     
                                                                     
                                             
9327.000000 
9558.000000 
9646.000000 
9457.000000 
9612.000000 
9566.000000 
9558.000000 
9620.000000 
9765.000000 
9639.000000 
9775.000000 
9700.000000 
9705.000000 
9675.000000 
9360.000000 
9853.000000 
9835.000000 
9672.000000 
9788.000000 
9867.000000 
9763.000000 
9800.000000 
9760.000000 
9676.000000 
10098.000000 
9839.000000 
9912.000000 
9962.000000 
9860.000000 
9907.000000 
10038.000000 
9960.000000 
10070.000000 
9776.000000 
9992.000000 
10147.000000 
10025.000000 
10230.000000 
9976.000000 
9960.000000 
10332.000000 
9803.000000 
9950.000000 
10145.000000 
10208.000000 
10009.000000 
10133.000000 
10246.000000 
10088.000000 
10029.000000 
10196.000000 
10194.000000 
10133.000000 
10050.000000 
10180.000000 
10153.000000 
10325.000000 
10422.000000 
10271.000000 
10292.000000 
10294.000000 
10468.000000 
10344.000000 
10423.000000 
10333.000000 
10417.000000 
10155.000000 
10307.000000 
10344.000000 
10366.000000 
10237.000000 
10314.000000 
10192.000000 
10614.000000 
10412.000000 
10350.000000 
10333.000000 
10357.000000 
10565.000000 
10220.000000 
10486.000000 
10674.000000 
10481.000000 
10403.000000 
10668.000000 
10311.000000 
10555.000000 
10717.000000 
10778.000000 
10704.000000 
10878.000000 
10578.000000 
10901.000000 
10712.000000 
11023.000000 
10745.000000 
10764.000000 
10874.000000 
10872.000000 
10955.000000 
11026.000000 
10891.000000 
10940.000000 
10911.000000 
10850.000000 
11013.000000 
11066.000000 
11189.000000 
10992.000000 
11100.000000 
10688.000000 
10996.000000 
11300.000000 
11060.000000 
11154.000000 
11042.000000 
11139.000000 
11178.000000 
11122.000000 
11021.000000 
11313.000000 
11093.000000 
11139.000000 
11074.000000 
10970.000000 
11146.000000 
10989.000000 
11061.000000 
11087.000000 
11143.000000 
11112.000000 
11085.000000 
11166.000000 
11072.000000 
11088.000000 
10968.000000 
10772.000000 
10979.000000 
11058.000000 
10739.000000 
11073.000000 
10870.000000 
10709.000000 
10622.000000 
10687.000000 
10455.000000 
10691.000000 
10712.000000 
10534.000000 
10581.000000 
10472.000000 
10430.000000 
10430.000000 
10519.000000 
10574.000000 
10346.000000 
10418.000000 
10385.000000 
10332.000000 
10341.000000 
10442.000000 
10438.000000 
10310.000000 
10290.000000 
10343.000000 
10589.000000 
10557.000000 
10162.000000 
10342.000000 
10309.000000 
10346.000000 
10548.000000 
10282.000000 
10363.000000 
10406.000000 
10320.000000 
10521.000000 
10367.000000 
10234.000000 
10446.000000 
10327.000000 
10318.000000 
10329.000000 
10603.000000 
10367.000000 
10582.000000 
10388.000000 
10355.000000 
10486.000000 
10578.000000 
10245.000000 
10519.000000 
10516.000000 
10447.000000 
10430.000000 
10553.000000 
10449.000000 
10680.000000 
10611.000000 
10641.000000 
10549.000000 
10574.000000 
10586.000000 
10527.000000 
10548.000000 
10435.000000 
10474.000000 
10580.000000 
10557.000000 
10691.000000 
10545.000000 
10603.000000 
10753.000000 
10618.000000 
10772.000000 
10672.000000 
10654.000000 
10584.000000 
10693.000000 
10549.000000 
10667.000000 
10626.000000 
10839.000000 
10680.000000 
10683.000000 
10796.000000 
10863.000000 
10701.000000 
10636.000000 
10866.000000 
10818.000000 
10767.000000 
10630.000000 
10693.000000 
10669.000000 
10956.000000 
10828.000000 
10779.000000 
10818.000000 
10908.000000 
10683.000000 
10852.000000 
10977.000000 
10980.000000 
10955.000000 
10911.000000 
10818.000000 
10707.000000 
10735.000000 
11151.000000 
10846.000000 
10901.000000 
10800.000000 
11059.000000 
11054.000000 
10814.000000 
10958.000000 
10745.000000 
10972.000000 
10922.000000 
10877.000000 
10951.000000 
10936.000000 
10991.000000 
10815.000000 
10737.000000 
11019.000000 
11049.000000 
10983.000000 
10975.000000 
11161.000000 
11008.000000 
11060.000000 
11022.000000 
10890.000000 
11159.000000 
10962.000000 
11051.000000 
11248.000000 
11058.000000 
11021.000000 
11125.000000 
11174.000000 
11173.000000 
11139.000000 
11264.000000 
11122.000000 
11099.000000 
11070.000000 
11237.000000 
11144.000000 
11112.000000 
11131.000000 
11223.000000 
11019.000000 
11283.000000 
11130.000000 
11092.000000 
11306.000000 
11155.000000 
11255.000000 
11051.000000 
11324.000000 
11219.000000 
11124.000000 
11111.000000 
11142.000000 
11277.000000 
11343.000000 
11317.000000 
11412.000000 
11369.000000 
11264.000000 
11100.000000 
11042.000000 
11217.000000 
11109.000000 
11170.000000 
11231.000000 
11434.000000 
11513.000000 
11238.000000 
11269.000000 
11385.000000 
11289.000000 
11304.000000 
11346.000000 
11391.000000 
11622.000000 
11329.000000 
11218.000000 
11352.000000 
11300.000000 
11240.000000 
11252.000000 
11197.000000 
11524.000000 
11291.000000 
11398.000000 
11449.000000 
11372.000000 
11273.000000 
11175.000000 
11408.000000 
11332.000000 
11423.000000 
11414.000000 
11419.000000 
11395.000000 
11455.000000 
11380.000000 
11362.000000 
11373.000000 
11593.000000 
11315.000000 
11298.000000 
11374.000000 
11549.000000 
11479.000000 
11396.000000 
11345.000000 
11402.000000 
11394.000000 
11513.000000 
11412.000000 
11636.000000 
11516.000000 
11580.000000 
11388.000000 
11451.000000 
11262.000000 
11385.000000 
11212.000000 
11302.000000 
11641.000000 
11656.000000 
11287.000000 
11460.000000 
11479.000000 
11374.000000 
11502.000000 
11560.000000 
11304.000000 
11494.000000 
11367.000000 
11463.000000 
11394.000000 
11504.000000 
11444.000000 
11239.000000 
11665.000000 
11273.000000 
11542.000000 
11575.000000 
11531.000000 
11586.000000 
11365.000000 
11274.000000 
11463.000000 
11435.000000 
11595.000000 
11417.000000 
11608.000000 
11517.000000 
11581.000000 
11524.000000 
11560.000000 
11588.000000 
11451.000000 
11512.000000 
11591.000000 
11441.000000 
11434.000000 
11534.000000 
11499.000000 
11450.000000 
11353.000000 
11421.000000 
11340.000000 
11501.000000 
11626.000000 
11571.000000 
11390.000000 
11542.000000 
11418.000000 
11578.000000 
11571.000000 
11590.000000 
11607.000000 
11658.000000 
11413.000000 
11454.000000 
11332.000000 
11511.000000 
11569.000000 
11392.000000 
11571.000000 
11614.000000 
11530.000000 
11584.000000 
11403.000000 
11386.000000 
11496.000000 
11284.000000 
11452.000000 
11715.000000 
11481.000000 
11434.000000 
11563.000000 
11432.000000 
11458.000000 
11441.000000 
11238.000000 
11664.000000 
11766.000000 
11584.000000 
11195.000000 
11269.000000 
11315.000000 
11361.000000 
11485.000000 
11315.000000 
11611.000000 
11487.000000 
11603.000000 
11437.000000 
11536.000000 
11455.000000 
11596.000000 
11252.000000 
11384.000000 
11449.000000 
11526.000000 
11691.000000 
11542.000000 
11551.000000 
11482.000000 
11315.000000 
11320.000000 
11245.000000 
11470.000000 
11540.000000 
11317.000000 
11468.000000 
11289.000000 
11485.000000 
11326.000000 
11362.000000 
11365.000000 
11373.000000 
11429.000000 
11433.000000 
11299.000000 
11353.000000 
11320.000000 
11273.000000 
11363.000000 
11277.000000 
11464.000000 
11329.000000 
11309.000000 
11292.000000 
11493.000000 
11338.000000 
11150.000000 
11414.000000 
11532.000000 
11288.000000 
11338.000000 
11413.000000 
11138.000000 
11511.000000 
11374.000000 
11254.000000 
11204.000000 
11311.000000 
11254.000000 
11322.000000 
11191.000000 
11404.000000 
11370.000000 
11289.000000 
11263.000000 
11201.000000 
11145.000000 
11377.000000 
11330.000000 
11055.000000 
11174.000000 
11019.000000 
11150.000000 
11266.000000 
11125.000000 
11474.000000 
11200.000000 
11421.000000 
11347.000000 
11217.000000 
11298.000000 
11125.000000 
11380.000000 
11069.000000 
11371.000000 
11266.000000 
11144.000000 
11185.000000 
11122.000000 
11210.000000 
11082.000000 
10999.000000 
11073.000000 
11214.000000 
11089.000000 
10992.000000 
11153.000000 
11096.000000 
11245.000000 
11141.000000 
11185.000000 
11297.000000 
11191.000000 
11098.000000 
10944.000000 
11047.000000 
11067.000000 
11034.000000 
10971.000000 
11104.000000 
11088.000000 
10941.000000 
10935.000000 
10942.000000 
10920.000000 
10881.000000 
10968.000000 
10939.000000 
10835.000000 
11017.000000 
10925.000000 
10979.000000 
11047.000000 
11075.000000 
10910.000000 
11126.000000 
10848.000000 
10916.000000 
10937.000000 
11052.000000 
10793.000000 
11053.000000 
10887.000000 
10771.000000 
10857.000000 
10892.000000 
10670.000000 
10865.000000 
10856.000000 
10846.000000 
10777.000000 
10817.000000 
10858.000000 
10795.000000 
10817.000000 
10809.000000 
10785.000000 
10746.000000 
10581.000000 
10737.000000 
10732.000000 
10692.000000 
10631.000000 
10760.000000 
10828.000000 
10838.000000 
10496.000000 
10594.000000 
10524.000000 
10686.000000 
10695.000000 
10629.000000 
10677.000000 
10545.000000 
10630.000000 
10597.000000 
10632.000000 
10525.000000 
10655.000000 
10638.000000 
10796.000000 
10497.000000 
10792.000000 
10740.000000 
10628.000000 
10550.000000 
10746.000000 
10572.000000 
10372.000000 
10492.000000 
10678.000000 
10622.000000 
10478.000000 
10545.000000 
10441.000000 
10545.000000 
10449.000000 
10516.000000 
10535.000000 
10425.000000 
10606.000000 
10420.000000 
10541.000000 
10393.000000 
10562.000000 
10317.000000 
10533.000000 
10509.000000 
10334.000000 
10495.000000 
10305.000000 
10553.000000 
10448.000000 
10315.000000 
10493.000000 
10246.000000 
10398.000000 
10335.000000 
10135.000000 
10223.000000 
10423.000000 
10285.000000 
10406.000000 
10244.000000 
10277.000000 
10250.000000 
10075.000000 
10317.000000 
10297.000000 
10466.000000 
10241.000000 
10269.000000 
10241.000000 
10246.000000 
10292.000000 
10390.000000 
10046.000000 
10289.000000 
10171.000000 
10329.000000 
10353.000000 
10177.000000 
10314.000000 
10105.000000 
10090.000000 
10057.000000 
10065.000000 
10074.000000 
10003.000000 
10174.000000 
10553.000000 
10135.000000 
9941.000000 
10266.000000 
10067.000000 
10136.000000 
10215.000000 
10199.000000 
10105.000000 
10088.000000 
10028.000000 
10157.000000 
9892.000000 
10065.000000 
9966.000000 
9889.000000 
9947.000000 
9953.000000 
10067.000000 
10089.000000 
9908.000000 
10104.000000 
9966.000000 
10001.000000 
9916.000000 
10102.000000 
9882.000000 
10080.000000 
9985.000000 
10018.000000 
10075.000000 
10160.000000 
9994.000000 
10006.000000 
9767.000000 
10020.000000 
9885.000000 
9870.000000 
9773.000000 
9850.000000 
9920.000000 
9726.000000 
9923.000000 
9905.000000 
9920.000000 
9768.000000 
9723.000000 
9928.000000 
9973.000000 
9944.000000 
9661.000000 
9796.000000 
9876.000000 
9829.000000 
9819.000000 
9758.000000 
9768.000000 
9677.000000 
9642.000000 
9665.000000 
9796.000000 
9865.000000 
9826.000000 
9653.000000 
9735.000000 
9743.000000 
9829.000000 
9619.000000 
9467.000000 
9592.000000 
9795.000000 
9771.000000 
9665.000000 
9667.000000 
9610.000000 
9624.000000 
9663.000000 
9521.000000 
9622.000000 
9706.000000 
9780.000000 
9579.000000 
9644.000000 
9430.000000 
9678.000000 
9443.000000 
9688.000000 
9637.000000 
9480.000000 
9506.000000 
9523.000000 
9522.000000 
9622.000000 
9545.000000 
9445.000000 
9730.000000 
9638.000000 
9586.000000 
9486.000000 
9679.000000 
9658.000000 
9583.000000 
9443.000000 
9578.000000 
9550.000000 
9351.000000 
9472.000000 
9444.000000 
9319.000000 
9449.000000 
9467.000000 
9463.000000 
9516.000000 
9387.000000 
9545.000000 
9755.000000 
9416.000000 
9360.000000 
9560.000000 
9314.000000 
9262.000000 
9407.000000 
9311.000000 
9440.000000 
9496.000000 
9507.000000 
9281.000000 
9415.000000 
9185.000000 
9354.000000 
9377.000000 
9430.000000 
9296.000000 
9338.000000 
9363.000000 
9246.000000 
9440.000000 
9257.000000 
9345.000000 
9309.000000 
9206.000000 
9288.000000 
9376.000000 
9293.000000 
9258.000000 
9113.000000 
9297.000000 
9152.000000 
9414.000000 
9158.000000 
9178.000000 
9421.000000 
9198.000000 
9272.000000 
9211.000000 
9151.000000 
9232.000000 
9097.000000 
9062.000000 
9191.000000 
9106.000000 
9127.000000 
9165.000000 
9084.000000 
9143.000000 
9091.000000 
9274.000000 
9089.000000 
8918.000000 
9135.000000 
9025.000000 
9167.000000 
9035.000000 
9270.000000 
9218.000000 
9076.000000 
9072.000000 
9080.000000 
9121.000000 
9080.000000 
9111.000000 
9155.000000 
8953.000000 
9062.000000 
9062.000000 
9101.000000 
9171.000000 
8914.000000 
9028.000000 
9142.000000 
9058.000000 
8993.000000 
9079.000000 
9006.000000 
9018.000000 
9002.000000 
8844.000000 
9031.000000 
8742.000000 
8742.000000 
8896.000000 
8786.000000 
8782.000000 
8926.000000 
8968.000000 
8990.000000 
8848.000000 
8950.000000 
8873.000000 
8984.000000 
8877.000000 
8971.000000 
8917.000000 
8886.000000 
9046.000000 
8734.000000 
8704.000000 
8776.000000 
8894.000000 
8710.000000 
8956.000000 
8778.000000 
8872.000000 
8828.000000 
8862.000000 
9049.000000 
8787.000000 
8825.000000 
8780.000000 
8861.000000 
8792.000000 
8802.000000 
8926.000000 
8804.000000 
8781.000000 
8760.000000 
8733.000000 
8838.000000 
8837.000000 
8585.000000 
8648.000000 
8801.000000 
8603.000000 
8935.000000 
8630.000000 
8730.000000 
8621.000000 
8558.000000 
8658.000000 
8647.000000 
8676.000000 
8783.000000 
8662.000000 
8678.000000 
8554.000000 
8569.000000 
8681.000000 
8765.000000 
8506.000000 
8844.000000 
8688.000000 
8691.000000 
8737.000000 
8624.000000 
8495.000000 
8520.000000 
8563.000000 
8763.000000 
8623.000000 
8516.000000 
8907.000000 
8535.000000 
8425.000000 
8644.000000 
8682.000000 
8535.000000 
8566.000000 
8497.000000 
8433.000000 
8407.000000 
8394.000000 
8307.000000 
8363.000000 
8569.000000 
8456.000000 
8490.000000 
8539.000000 
8443.000000 
8425.000000 
8419.000000 
8336.000000 
8385.000000 
8510.000000 
8372.000000 
8340.000000 
8398.000000 
8368.000000 
8393.000000 
8388.000000 
8384.000000 
8490.000000 
8550.000000 
8309.000000 
8427.000000 
8298.000000 
8213.000000 
8541.000000 
8536.000000 
8317.000000 
8372.000000 
8535.000000 
8332.000000 
8402.000000 
8290.000000 
8347.000000 
8224.000000 
8624.000000 
8329.000000 
8293.000000 
8290.000000 
8275.000000 
8239.000000 
8380.000000 
8341.000000 
8193.000000 
8141.000000 
8200.000000 
8310.000000 
8325.000000 
8221.000000 
8219.000000 
8370.000000 
8359.000000 
8167.000000 
8340.000000 
8284.000000 
8203.000000 
8294.000000 
8104.000000 
8281.000000 
8095.000000 
8285.000000 
8190.000000 
8202.000000 
8267.000000 
8101.000000 
8008.000000 
8129.000000 
8069.000000 
7955.000000 
7943.000000 
8094.000000 
7953.000000 
8096.000000 
7853.000000 
8076.000000 
8018.000000 
7995.000000 
7874.000000 
8084.000000 
7851.000000 
7877.000000 
8007.000000 
7958.000000 
8037.000000 
8018.000000 
8046.000000 
8080.000000 
8030.000000 
7995.000000 
7899.000000 
7737.000000 
7910.000000 
7846.000000 
7862.000000 
7983.000000 
7855.000000 
7820.000000 
7964.000000 
7868.000000 
7913.000000 
7917.000000 
7758.000000 
7932.000000 
8135.000000 
7838.000000 
7860.000000 
7955.000000 
7861.000000 
7929.000000 
7945.000000 
7811.000000 
7927.000000 
7810.000000 
7909.000000 
8072.000000 
8002.000000 
8010.000000 
7991.000000 
7830.000000 
7851.000000 
8074.000000 
7900.000000 
7972.000000 
7841.000000 
7945.000000 
7845.000000 
7955.000000 
7835.000000 
8014.000000 
7971.000000 
7923.000000 
8007.000000 
7924.000000 
7906.000000 
7813.000000 
7853.000000 
7837.000000 
7749.000000 
7747.000000 
7812.000000 
8011.000000 
7724.000000 
7739.000000 
7940.000000 
7676.000000 
7939.000000 
7757.000000 
7577.000000 
7770.000000 
7731.000000 
7700.000000 
7620.000000 
7761.000000 
7543.000000 
7610.000000 
7544.000000 
7490.000000 
7559.000000 
7461.000000 
7581.000000 
7585.000000 
7636.000000 
7546.000000 
7382.000000 
7540.000000 
7458.000000 
7358.000000 
7225.000000 
7339.000000 
7583.000000 
7474.000000 
7368.000000 
7332.000000 
7433.000000 
7317.000000 
7441.000000 
7444.000000 
7176.000000 
7331.000000 
7351.000000 
7435.000000 
7360.000000 
7345.000000 
7272.000000 
7321.000000 
7246.000000 
7485.000000 
7288.000000 
7264.000000 
7261.000000 
7239.000000 
7443.000000 
7159.000000 
7315.000000 
7163.000000 
7361.000000 
7234.000000 
7207.000000 
7359.000000 
7312.000000 
7085.000000 
7292.000000 
7321.000000 
7173.000000 
7169.000000 
7094.000000 
7077.000000 
6992.000000 
7302.000000 
7198.000000 
7051.000000 
7197.000000 
7245.000000 
7166.000000 
7209.000000 
7227.000000 
7115.000000 
7089.000000 
7170.000000 
7125.000000 
7165.000000 
7153.000000 
7235.000000 
7191.000000 
6970.000000 
7203.000000 
7107.000000 
7366.000000 
7103.000000 
7290.000000 
7108.000000 
7027.000000 
7105.000000 
7218.000000 
7070.000000 
6940.000000 
7093.000000 
7235.000000 
7127.000000 
7034.000000 
7018.000000 
7236.000000 
7038.000000 
6986.000000 
7191.000000 
7148.000000 
7161.000000 
7118.000000 
7024.000000 
7022.000000 
7065.000000 
7014.000000 
7248.000000 
7010.000000 
7025.000000 
6949.000000 
7066.000000 
6886.000000 
7064.000000 
6922.000000 
6979.000000 
6945.000000 
6923.000000 
7039.000000 
6934.000000 
6888.000000 
7190.000000 
6938.000000 
6905.000000 
7099.000000 
7063.000000 
7005.000000 
7084.000000 
7007.000000 
7091.000000 
7005.000000 
7067.000000 
6894.000000 
6919.000000 
7053.000000 
7077.000000 
7073.000000 
6822.000000 
6921.000000 
7045.000000 
6887.000000 
6951.000000 
6936.000000 
6904.000000 
6901.000000 
7060.000000 
7077.000000 
7009.000000 
6838.000000 
6933.000000 
6974.000000 
7002.000000 
6933.000000 
6849.000000 
6819.000000 
7062.000000 
7077.000000 
6916.000000 
6873.000000 
6988.000000 
6952.000000 
6935.000000 
6996.000000 
6916.000000 
6702.000000 
6932.000000 
7143.000000 
6893.000000 
6951.000000 
6844.000000 
6972.000000 
6919.000000 
6917.000000 
6788.000000 
6781.000000 
6860.000000 
6827.000000 
6767.000000 
6853.000000 
6835.000000 
6722.000000 
6772.000000 
6855.000000 
6812.000000 
6812.000000 
6651.000000 
6836.000000 
6812.000000 
7035.000000 
6712.000000 
6778.000000 
6822.000000 
6815.000000 
6837.000000 
6776.000000 
6795.000000 
6876.000000 
6850.000000 
6866.000000 
6889.000000 
6771.000000 
6870.000000 
6851.000000 
6764.000000 
6709.000000 
6785.000000 
6823.000000 
6804.000000 
6879.000000 
6922.000000 
6644.000000 
6716.000000 
6738.000000 
6770.000000 
6861.000000 
6732.000000 
6829.000000 
6875.000000 
6863.000000 
6797.000000 
6677.000000 
6860.000000 
6652.000000 
6658.000000 
6598.000000 
6739.000000 
6718.000000 
6544.000000 
6770.000000 
6735.000000 
6570.000000 
6739.000000 
6647.000000 
6790.000000 
6626.000000 
6780.000000 
6678.000000 
6637.000000 
6577.000000 
6603.000000 
6675.000000 
6593.000000 
6742.000000 
6779.000000 
6526.000000 
6532.000000 
6630.000000 
6750.000000 
6609.000000 
6447.000000 
6579.000000 
6748.000000 
6702.000000 
6586.000000 
6776.000000 
6515.000000 
6608.000000 
6569.000000 
6594.000000 
6606.000000 
6614.000000 
6636.000000 
6667.000000 
6566.000000 
6674.000000 
6638.000000 
6753.000000 
6563.000000 
6663.000000 
6540.000000 
6642.000000 
6733.000000 
6564.000000 
6537.000000 
6628.000000 
6454.000000 
6701.000000 
6513.000000 
6510.000000 
6504.000000 
6645.000000 
6578.000000 
6540.000000 
6623.000000 
6591.000000 
6435.000000 
6581.000000 
6607.000000 
6444.000000 
6402.000000 
6507.000000 
6464.000000 
6386.000000 
6470.000000 
6380.000000 
6415.000000 
6584.000000 
6406.000000 
6555.000000 
6638.000000 
6533.000000 
6705.000000 
6682.000000 
6417.000000 
6607.000000 
6430.000000 
6483.000000 
6442.000000 
6541.000000 
6499.000000 
6369.000000 
6576.000000 
6349.000000 
6554.000000 
6397.000000 
6399.000000 
6487.000000 
6641.000000 
6365.000000 
6445.000000 
6382.000000 
6414.000000 
6470.000000 
6306.000000 
6395.000000 
6428.000000 
6266.000000 
6329.000000 
6375.000000 
6299.000000 
6343.000000 
6413.000000 
6315.000000 
6393.000000 
6412.000000 
6340.000000 
6366.000000 
6348.000000 
6339.000000 
6314.000000 
6267.000000 
6316.000000 
6307.000000 
6249.000000 
6207.000000 
6264.000000 
6424.000000 
6216.000000 
6265.000000 
6194.000000 
6080.000000 
6295.000000 
6250.000000 
6250.000000 
6376.000000 
6438.000000 
6241.000000 
6359.000000 
6365.000000 
6382.000000 
6279.000000 
6436.000000 
6232.000000 
6256.000000 
6284.000000 
6305.000000 
6250.000000 
6426.000000 
6136.000000 
6304.000000 
6263.000000 
6277.000000 
6185.000000 
6271.000000 
6345.000000 
6236.000000 
6203.000000 
6232.000000 
6330.000000 
6292.000000 
6260.000000 
6177.000000 
6047.000000 
6258.000000 
6300.000000 
6213.000000 
6111.000000 
6428.000000 
6218.000000 
6215.000000 
6148.000000 
6063.000000 
6239.000000 
6128.000000 
6238.000000 
6188.000000 
6307.000000 
6223.000000 
6126.000000 
6121.000000 
6214.000000 
6109.000000 
6171.000000 
6207.000000 
6067.000000 
5944.000000 
6139.000000 
6127.000000 
5972.000000 
6045.000000 
6088.000000 
5966.000000 
5811.000000 
5985.000000 
5959.000000 
6046.000000 
5833.000000 
6145.000000 
6023.000000 
6048.000000 
6053.000000 
5906.000000 
6032.000000 
5904.000000 
5948.000000 
5838.000000 
5930.000000 
5838.000000 
6010.000000 
5980.000000 
6006.000000 
5950.000000 
5954.000000 
6014.000000 
6085.000000 
6007.000000 
5984.000000 
5996.000000 
5978.000000 
5963.000000 
5958.000000 
6023.000000 
6087.000000 
6102.000000 
5866.000000 
5839.000000 
5934.000000 
6003.000000 
5893.000000 
5908.000000 
5886.000000 
5971.000000 
5903.000000 
5923.000000 
6006.000000 
5865.000000 
5974.000000 
5890.000000 
5837.000000 
6052.000000 
6002.000000 
5853.000000 
5981.000000 
6069.000000 
6010.000000 
6122.000000 
6002.000000 
6131.000000 
6059.000000 
5873.000000 
6023.000000 
5902.000000 
6000.000000 
5931.000000 
5823.000000 
5921.000000 
5866.000000 
5976.000000 
5937.000000 
5892.000000 
5828.000000 
5662.000000 
5710.000000 
5683.000000 
5743.000000 
5659.000000 
5844.000000 
5563.000000 
5650.000000 
5581.000000 
5532.000000 
5734.000000 
5729.000000 
5602.000000 
5663.000000 
5645.000000 
5534.000000 
5677.000000 
5576.000000 
5660.000000 
5572.000000 
5683.000000 
5591.000000 
5555.000000 
5507.000000 
5492.000000 
5605.000000 
5464.000000 
5671.000000 
5708.000000 
5452.000000 
5440.000000 
5631.000000 
5578.000000 
5443.000000 
5604.000000 
5629.000000 
5650.000000 
5577.000000 
5570.000000 
5630.000000 
5554.000000 
5628.000000 
5499.000000 
5538.000000 
5449.000000 
5707.000000 
5543.000000 
5504.000000 
5621.000000 
5480.000000 
5515.000000 
5546.000000 
5507.000000 
5542.000000 
5713.000000 
5487.000000 
5505.000000 
5633.000000 
5569.000000 
5382.000000 
5533.000000 
5517.000000 
5552.000000 
5477.000000 
5543.000000 
5663.000000 
5476.000000 
5507.000000 
5503.000000 
5347.000000 
5423.000000 
5419.000000 
5491.000000 
5494.000000 
5425.000000 
5550.000000 
5566.000000 
5456.000000 
5394.000000 
5543.000000 
5500.000000 
5560.000000 
5507.000000 
5511.000000 
5351.000000 
5510.000000 
5454.000000 
5454.000000 
5497.000000 
5399.000000 
5602.000000 
5500.000000 
5429.000000 
5439.000000 
5351.000000 
5422.000000 
5328.000000 
5590.000000 
5474.000000 
5479.000000 
5381.000000 
5368.000000 
5521.000000 
5374.000000 
5439.000000 
5363.000000 
5439.000000 
5360.000000 
5433.000000 
5497.000000 
5333.000000 
5452.000000 
5388.000000 
5474.000000 
5418.000000 
5353.000000 
5333.000000 
5305.000000 
5357.000000 
5321.000000 
5463.000000 
5301.000000 
5262.000000 
5306.000000 
5393.000000 
5264.000000 
5423.000000 
5405.000000 
5340.000000 
5400.000000 
5230.000000 
5431.000000 
5252.000000 
5208.000000 
5437.000000 
5363.000000 
5326.000000 
5441.000000 
5374.000000 
5269.000000 
5331.000000 
5429.000000 
5247.000000 
5281.000000 
5349.000000 
5307.000000 
5401.000000 
5246.000000 
5351.000000 
5428.000000 
5322.000000 
5382.000000 
5341.000000 
5397.000000 
5400.000000 
5322.000000 
5455.000000 
5273.000000 
5379.000000 
5290.000000 
5205.000000 
5347.000000 
5300.000000 
5335.000000 
5309.000000 
5469.000000 
5365.000000 
5146.000000 
5283.000000 
5326.000000 
5229.000000 
5262.000000 
5493.000000 
5266.000000 
5419.000000 
5277.000000 
5366.000000 
5235.000000 
5331.000000 
5343.000000 
5421.000000 
5325.000000 
5305.000000 
5258.000000 
5338.000000 
5417.000000 
5273.000000 
5278.000000 
5268.000000 
5276.000000 
5184.000000 
5368.000000 
5311.000000 
5232.000000 
5261.000000 
5313.000000 
5213.000000 
5190.000000 
5253.000000 
5346.000000 
5266.000000 
5383.000000 
5293.000000 
5306.000000 
5271.000000 
5169.000000 
5260.000000 
5293.000000 
5214.000000 
5175.000000 
5425.000000 
5299.000000 
5122.000000 
5226.000000 
5334.000000 
5117.000000 
5310.000000 
5324.000000 
5348.000000 
5200.000000 
5244.000000 
5066.000000 
5284.000000 
5225.000000 
5324.000000 
5211.000000 
5350.000000 
5313.000000 
5160.000000 
5207.000000 
5136.000000 
5189.000000 
5187.000000 
5293.000000 
5166.000000 
5291.000000 
5174.000000 
5136.000000 
5144.000000 
5287.000000 
5283.000000 
5240.000000 
5247.000000 
5191.000000 
5165.000000 
5272.000000 
5281.000000 
5094.000000 
5183.000000 
5230.000000 
5184.000000 
5295.000000 
5197.000000 
5186.000000 
5202.000000 
5133.000000 
5209.000000 
5101.000000 
5285.000000 
5322.000000 
5294.000000 
5239.000000 
5253.000000 
5175.000000 
5193.000000 
5207.000000 
5330.000000 
5222.000000 
5137.000000 
5170.000000 
5172.000000 
5259.000000 
5231.000000 
5215.000000 
5176.000000 
5223.000000 
5236.000000 
5067.000000 
5234.000000 
5071.000000 
5160.000000 
5263.000000 
5200.000000 
5048.000000 
5218.000000 
5090.000000 
5169.000000 
5061.000000 
5132.000000 
5216.000000 
5113.000000 
5129.000000 
5265.000000 
5053.000000 
5150.000000 
5079.000000 
5108.000000 
5144.000000 
5141.000000 
5348.000000 
5036.000000 
5094.000000 
5143.000000 
5101.000000 
5160.000000 
5175.000000 
5062.000000 
4965.000000 
5092.000000 
5121.000000 
5007.000000 
5233.000000 
5008.000000 
5121.000000 
5108.000000 
5060.000000 
5064.000000 
5102.000000 
4999.000000 
5135.000000 
5042.000000 
4990.000000 
5076.000000 
5087.000000 
4995.000000 
5050.000000 
5013.000000 
5169.000000 
5158.000000 
5093.000000 
4988.000000 
5009.000000 
5028.000000 
4989.000000 
5000.000000 
5014.000000 
5128.000000 
5080.000000 
5009.000000 
5054.000000 
5017.000000 
5246.000000 
5017.000000 
5015.000000 
5035.000000 
5093.000000 
5108.000000 
4871.000000 
4982.000000 
4971.000000 
4999.000000 
5058.000000 
5055.000000 
4912.000000 
5006.000000 
5029.000000 
4997.000000 
4868.000000 
5086.000000 
4884.000000 
4918.000000 
4970.000000 
4871.000000 
4923.000000 
4914.000000 
4853.000000 
4997.000000 
4951.000000 
5032.000000 
5036.000000 
4911.000000 
4882.000000 
4815.000000 
4871.000000 
4876.000000 
4881.000000 
4933.000000 
4951.000000 
4867.000000 
4999.000000 
4977.000000 
4962.000000 
4912.000000 
4904.000000 
5000.000000 
4942.000000 
4974.000000 
4853.000000 
5088.000000 
5014.000000 
4985.000000 
4995.000000 
4916.000000 
4899.000000 
5017.000000 
4941.000000 
4805.000000 
4921.000000 
4854.000000 
4946.000000 
5014.000000 
4872.000000 
4994.000000 
4981.000000 
4949.000000 
4862.000000 
4816.000000 
5036.000000 
4908.000000 
4927.000000 
5128.000000 
4965.000000 
4957.000000 
4834.000000 
4888.000000 
4876.000000 
4801.000000 
4848.000000 
4884.000000 
4965.000000 
4948.000000 
5006.000000 
4886.000000 
4989.000000 
4794.000000 
4869.000000 
4916.000000 
4921.000000 
4774.000000 
4944.000000 
4831.000000 
4861.000000 
4859.000000 
4840.000000 
4859.000000 
4928.000000 
4874.000000 
4774.000000 
4817.000000 
4905.000000 
4705.000000 
4861.000000 
4725.000000 
4877.000000 
4901.000000 
4825.000000 
4790.000000 
4896.000000 
4797.000000 
4784.000000 
4742.000000 
4838.000000 
4877.000000 
4804.000000 
4904.000000 
4764.000000 
4646.000000 
4907.000000 
4835.000000 
4895.000000 
4818.000000 
4720.000000 
4670.000000 
4770.000000 
4730.000000 
4865.000000 
4794.000000 
4857.000000 
4766.000000 
4734.000000 
4892.000000 
4718.000000 
4881.000000 
4812.000000 
4893.000000 
4837.000000 
4763.000000 
4797.000000 
4853.000000 
4761.000000 
4888.000000 
4778.000000 
4831.000000 
4769.000000 
4684.000000 
4648.000000 
4858.000000 
4762.000000 
4801.000000 
4794.000000 
4781.000000 
4833.000000 
4709.000000 
4821.000000 
4852.000000 
4800.000000 
4871.000000 
4733.000000 
4893.000000 
4823.000000 
4827.000000 
4807.000000 
4826.000000 
4933.000000 
4778.000000 
4815.000000 
4757.000000 
4685.000000 
4823.000000 
4694.000000 
4810.000000 
4724.000000 
4770.000000 
4862.000000 
4681.000000 
4669.000000 
4569.000000 
4728.000000 
4697.000000 
4655.000000 
4598.000000 
4703.000000 
4630.000000 
4670.000000 
4591.000000 
4742.000000 
4805.000000 
4540.000000 
4685.000000 
4631.000000 
4440.000000 
4602.000000 
4611.000000 
4647.000000 
4596.000000 
4446.000000 
4546.000000 
4631.000000 
4628.000000 
4583.000000 
4581.000000 
4492.000000 
4631.000000 
4706.000000 
4693.000000 
4585.000000 
4554.000000 
4615.000000 
4553.000000 
4526.000000 
4512.000000 
4651.000000 
4529.000000 
4538.000000 
4707.000000 
4622.000000 
4623.000000 
4674.000000 
4648.000000 
4786.000000 
4657.000000 
4731.000000 
4755.000000 
4731.000000 
4627.000000 
4640.000000 
4535.000000 
4648.000000 
4580.000000 
4502.000000 
4407.000000 
4590.000000 
4427.000000 
4422.000000 
4308.000000 
4435.000000 
4445.000000 
4458.000000 
4544.000000 
4369.000000 
4408.000000 
4412.000000 
4396.000000 
4422.000000 
4384.000000 
4382.000000 
4396.000000 
4483.000000 
4481.000000 
4413.000000 
4477.000000 
4432.000000 
4393.000000 
4454.000000 
4380.000000 
4297.000000 
4290.000000 
4317.000000 
4299.000000 
4516.000000 
4343.000000 
4309.000000 
4314.000000 
4276.000000 
4347.000000 
4385.000000 
4407.000000 
4158.000000 
4265.000000 
4269.000000 
4408.000000 
4342.000000 
4305.000000 
4362.000000 
4371.000000 
4331.000000 
4354.000000 
4411.000000 
4233.000000 
4155.000000 
4300.000000 
4293.000000 
4304.000000 
4327.000000 
4276.000000 
4321.000000 
4294.000000 
4357.000000 
4270.000000 
4397.000000 
4360.000000 
4427.000000 
4400.000000 
4322.000000 
4434.000000 
4352.000000 
4303.000000 
4429.000000 
4229.000000 
4103.000000 
4249.000000 
4312.000000 
4369.000000 
4378.000000 
4301.000000 
4382.000000 
4387.000000 
4317.000000 
4469.000000 
4283.000000 
4422.000000 
4390.000000 
4261.000000 
4261.000000 
4192.000000 
4354.000000 
4333.000000 
4360.000000 
4224.000000 
4304.000000 
4354.000000 
4189.000000 
4306.000000 
4330.000000 
4210.000000 
4365.000000 
4283.000000 
4376.000000 
4258.000000 
4372.000000 
4223.000000 
4319.000000 
4327.000000 
4380.000000 
4321.000000 
4233.000000 
4225.000000 
4263.000000 
4287.000000 
4254.000000 
4299.000000 
4275.000000 
4296.000000 
4340.000000 
4199.000000 
4343.000000 
4241.000000 
4329.000000 
4253.000000 
4293.000000 
4274.000000 
4301.000000 
4330.000000 
4378.000000 
4334.000000 
4364.000000 
4328.000000 
4268.000000 
4435.000000 
4358.000000 
4351.000000 
4376.000000 
4315.000000 
4193.000000 
4344.000000 
4268.000000 
4417.000000 
4259.000000 
4268.000000 
4401.000000 
4345.000000 
4348.000000 
4196.000000 
4331.000000 
4307.000000 
4373.000000 
4294.000000 
4247.000000 
4291.000000 
4314.000000 
4274.000000 
4336.000000 
4239.000000 
4288.000000 
4432.000000 
4356.000000 
4292.000000 
4335.000000 
4401.000000 
4433.000000 
4410.000000 
4352.000000 
4282.000000 
4265.000000 
4456.000000 
4256.000000 
4251.000000 
4305.000000 
4285.000000 
4298.000000 
4491.000000 
4472.000000 
4240.000000 
4325.000000 
4355.000000 
4406.000000 
4393.000000 
4305.000000 
4288.000000 
4338.000000 
4434.000000 
4224.000000 
4386.000000 
4318.000000 
4217.000000 
4225.000000 
4309.000000 
4219.000000 
4353.000000 
4388.000000 
4290.000000 
4367.000000 
4331.000000 
4431.000000 
4388.000000 
4303.000000 
4444.000000 
4381.000000 
4260.000000 
4342.000000 
4277.000000 
4400.000000 
4348.000000 
4342.000000 
4502.000000 
4309.000000 
4184.000000 
4343.000000 
4296.000000 
4331.000000 
4394.000000 
4228.000000 
4402.000000 
4290.000000 
4261.000000 
4305.000000 
4322.000000 
4237.000000 
4372.000000 
4256.000000 
4210.000000 
4360.000000 
4263.000000 
4303.000000 
4388.000000 
4243.000000 
4284.000000 
4352.000000 
4265.000000 
4352.000000 
4282.000000 
4289.000000 
4322.000000 
4317.000000 
4295.000000 
4360.000000 
4276.000000 
4216.000000 
4348.000000 
4446.000000 
4318.000000 
4282.000000 
4299.000000 
4381.000000 
4284.000000 
4319.000000 
4209.000000 
4429.000000 
4406.000000 
4414.000000 
4403.000000 
4465.000000 
4423.000000 
4370.000000 
4368.000000 
4343.000000 
4502.000000 
4291.000000 
4340.000000 
4419.000000 
4387.000000 
4559.000000 
4471.000000 
4289.000000 
4461.000000 
4414.000000 
4367.000000 
4476.000000 
4543.000000 
4408.000000 
4348.000000 
4417.000000 
4334.000000 
4435.000000 
4306.000000 
4407.000000 
4452.000000 
4315.000000 
4373.000000 
4403.000000 
4460.000000 
4412.000000 
4372.000000 
4532.000000 
4453.000000 
4383.000000 
4398.000000 
4237.000000 
4338.000000 
4327.000000 
4305.000000 
4336.000000 
4332.000000 
4362.000000 
4209.000000 
4243.000000 
4308.000000 
4204.000000 
4200.000000 
4274.000000 
4220.000000 
4296.000000 
4291.000000 
4326.000000 
4282.000000 
4187.000000 
4163.000000 
4160.000000 
4264.000000 
4320.000000 
4089.000000 
4290.000000 
4269.000000 
4181.000000 
4327.000000 
4213.000000 
4297.000000 
4127.000000 
4219.000000 
4286.000000 
4127.000000 
4192.000000 
4233.000000 
4248.000000 
4282.000000 
4331.000000 
4188.000000 
4246.000000 
4175.000000 
4191.000000 
4308.000000 
4193.000000 
4111.000000 
4268.000000 
4225.000000 
4238.000000 
4329.000000 
4167.000000 
4261.000000 
4346.000000 
4347.000000 
4200.000000 
4218.000000 
4234.000000 
4173.000000 
4288.000000 
4166.000000 
4195.000000 
4252.000000 
4202.000000 
4219.000000 
4338.000000 
4133.000000 
4269.000000 
4184.000000 
4277.000000 
4227.000000 
4192.000000 
4068.000000 
4243.000000 
4220.000000 
4315.000000 
4315.000000 
4186.000000 
4281.000000 
4154.000000 
4120.000000 
4251.000000 
4301.000000 
4129.000000 
4195.000000 
4221.000000 
4330.000000 
4225.000000 
4280.000000 
4274.000000 
4188.000000 
4204.000000 
4355.000000 
4319.000000 
4250.000000 
4373.000000 
4286.000000 
4315.000000 
4325.000000 
4293.000000 
4297.000000 
4337.000000 
4291.000000 
4262.000000 
4335.000000 
4126.000000 
4238.000000 
4312.000000 
4303.000000 
4267.000000 
4299.000000 
4242.000000 
4292.000000 
4331.000000 
4295.000000 
4209.000000 
4232.000000 
4225.000000 
4269.000000 
4210.000000 
4323.000000 
4110.000000 
4180.000000 
4253.000000 
4215.000000 
4182.000000 
4280.000000 
4203.000000 
4185.000000 
4305.000000 
4221.000000 
4238.000000 
4245.000000 
4194.000000 
4198.000000 
4088.000000 
4276.000000 
4242.000000 
4183.000000 
4342.000000 
4144.000000 
4178.000000 
4155.000000 
4176.000000 
4280.000000 
4309.000000 
4161.000000 
4102.000000 
4135.000000 
4132.000000 
4203.000000 
4226.000000 
4254.000000 
4130.000000 
4105.000000 
4192.000000 
4256.000000 
4162.000000 
4234.000000 
4140.000000 
4105.000000 
4199.000000 
4228.000000 
4149.000000 
4152.000000 
4092.000000 
4293.000000 
4132.000000 
4241.000000 
4178.000000 
4163.000000 
4161.000000 
4210.000000 
4205.000000 
4284.000000 
4109.000000 
4170.000000 
4300.000000 
4152.000000 
4061.000000 
4120.000000 
4241.000000 
4233.000000 
4135.000000 
4067.000000 
4126.000000 
4129.000000 
4230.000000 
4076.000000 
4211.000000 
4319.000000 
4205.000000 
4188.000000 
4122.000000 
4199.000000 
4182.000000 
4269.000000 
4228.000000 
4198.000000 
4265.000000 
4200.000000 
4229.000000 
4317.000000 
4215.000000 
4157.000000 
4089.000000 
4104.000000 
4129.000000 
4234.000000 
4151.000000 
4165.000000 
4121.000000 
4264.000000 
4195.000000 
4169.000000 
4157.000000 
4145.000000 
4166.000000 
4142.000000 
4162.000000 
4247.000000 
4087.000000 
4077.000000 
4210.000000 
4222.000000 
4244.000000 
4108.000000 
4166.000000 
4145.000000 
4069.000000 
4239.000000 
4281.000000 
4231.000000 
4101.000000 
4174.000000 
4235.000000 
4220.000000 
4166.000000 
4161.000000 
4312.000000 
4201.000000 
4168.000000 
4177.000000 
4166.000000 
4205.000000 
4192.000000 
4287.000000 
4297.000000 
4107.000000 
4234.000000 
4177.000000 
4223.000000 
4150.000000 
4128.000000 
4259.000000 
4181.000000 
4236.000000 
4264.000000 
4147.000000 
4267.000000 
4116.000000 
4226.000000 
4246.000000 
4230.000000 
4264.000000 
4210.000000 
4226.000000 
4289.000000 
4071.000000 
4236.000000 
4166.000000 
4266.000000 
4104.000000 
4243.000000 
4103.000000 
4229.000000 
4234.000000 
4230.000000 
4120.000000 
4247.000000 
4171.000000 
4129.000000 
4130.000000 
4050.000000 
4046.000000 
4192.000000 
4106.000000 
4232.000000 
4168.000000 
4263.000000 
4108.000000 
4076.000000 
4232.000000 
4144.000000 
4273.000000 
4272.000000 
4247.000000 
4146.000000 
4197.000000 
4119.000000 
4232.000000 
4286.000000 
4277.000000 
4102.000000 
4058.000000 
4263.000000 
4205.000000 
4264.000000 
4119.000000 
4240.000000 
4223.000000 
4193.000000 
4304.000000 
4178.000000 
4336.000000 
4161.000000 
4214.000000 
4225.000000 
4175.000000 
4253.000000 
4190.000000 
4156.000000 
4307.000000 
4231.000000 
4213.000000 
4231.000000 
4208.000000 
4220.000000 
4206.000000 
4171.000000 
4282.000000 
4258.000000 
4237.000000 
4187.000000 
4190.000000 
4329.000000 
4257.000000 
4352.000000 
4130.000000 
4355.000000 
4046.000000 
4244.000000 
4279.000000 
4004.000000 
4160.000000 
4263.000000 
4213.000000 
4213.000000 
4206.000000 
4213.000000 
4153.000000 
4236.000000 
4261.000000 
4180.000000 
4180.000000 
4276.000000 
4204.000000 
4015.000000 
4168.000000 
4151.000000 
4047.000000 
4248.000000 
4129.000000 
4106.000000 
3993.000000 
4116.000000 
3994.000000 
3969.000000 
4186.000000 
3992.000000 
4126.000000 
4075.000000 
4075.000000 
3994.000000 
4009.000000 
4024.000000 
4058.000000 
4054.000000 
3926.000000 
3964.000000 
3980.000000 
3929.000000 
4061.000000 
3862.000000 
3984.000000 
3824.000000 
3830.000000 
3922.000000 
3812.000000 
3790.000000 
3828.000000 
3851.000000 
3808.000000 
3785.000000 
3717.000000 
3945.000000 
3793.000000 
3791.000000 
3821.000000 
3764.000000 
3854.000000 
3918.000000 
3789.000000 
3942.000000 
3923.000000 
4032.000000 
4026.000000 
4103.000000 
4256.000000 
4437.000000 
4574.000000 
4799.000000 
5144.000000 
5385.000000 
5528.000000 
5837.000000 
5761.000000 
5662.000000 
5670.000000 
5393.000000 
5155.000000 
5060.000000 
5017.000000 
4771.000000 
4711.000000 
4585.000000 
4401.000000 
4130.000000 
3968.000000 
3901.000000 
3718.000000 
3795.000000 
3580.000000 
3663.000000 
3582.000000 
3684.000000 
3644.000000 
3635.000000 
3646.000000 
3588.000000 
3692.000000 
3592.000000 
3718.000000 
3685.000000 
3750.000000 
3570.000000 
3707.000000 
3735.000000 
3734.000000 
3695.000000 
3681.000000 
3839.000000 
3846.000000 
3678.000000 
3731.000000 
3818.000000 
3928.000000 
3892.000000 
3860.000000 
3960.000000 
3992.000000 
3938.000000 
3887.000000 
4041.000000 
3947.000000 
3923.000000 
4010.000000 
3940.000000 
3838.000000 
3865.000000 
3843.000000 
3763.000000 
3902.000000 
3656.000000 
3840.000000 
3795.000000 
3749.000000 
3618.000000 
3734.000000 
3665.000000 
3596.000000 
3574.000000 
3580.000000 
3679.000000 
3650.000000 
3482.000000 
3449.000000 
3556.000000 
3585.000000 
3469.000000 
3458.000000 
3536.000000 
3555.000000 
3461.000000 
3472.000000 
3451.000000 
3498.000000 
3529.000000 
3514.000000 
3411.000000 
3433.000000 
3437.000000 
3650.000000 
3473.000000 
3550.000000 
3422.000000 
3445.000000 
3411.000000 
3407.000000 
3492.000000 
3492.000000 
3406.000000 
3448.000000 
3392.000000 
3501.000000 
3522.000000 
3455.000000 
3530.000000 
3418.000000 
3401.000000 
3494.000000 
3418.000000 
3357.000000 
3552.000000 
3524.000000 
3445.000000 
3476.000000 
3521.000000 
3438.000000 
3540.000000 
3433.000000 
3521.000000 
3472.000000 
3509.000000 
3438.000000 
3455.000000 
3568.000000 
3463.000000 
3418.000000 
3516.000000 
3532.000000 
3444.000000 
3502.000000 
3463.000000 
3489.000000 
3481.000000 
3446.000000 
3444.000000 
3570.000000 
3344.000000 
3557.000000 
3411.000000 
3498.000000 
3531.000000 
3520.000000 
3549.000000 
3418.000000 
3539.000000 
3456.000000 
3531.000000 
3429.000000 
3414.000000 
3433.000000 
3448.000000 
3543.000000 
3347.000000 
3480.000000 
3621.000000 
3397.000000 
3459.000000 
3520.000000 
3556.000000 
3555.000000 
3452.000000 
3511.000000 
3466.000000 
3423.000000 
3563.000000 
3478.000000 
3512.000000 
3438.000000 
3550.000000 
3455.000000 
3471.000000 
3416.000000 
3338.000000 
3443.000000 
3460.000000 
3477.000000 
3408.000000 
3423.000000 
3485.000000 
3393.000000 
3521.000000 
3529.000000 
3546.000000 
3538.000000 
3579.000000 
3387.000000 
3464.000000 
3527.000000 
3529.000000 
3519.000000 
3506.000000 
3508.000000 
3503.000000 
3527.000000 
3566.000000 
3474.000000 
3565.000000 
3502.000000 
3419.000000 
3421.000000 
3384.000000 
3442.000000 
3533.000000 
3401.000000 
3554.000000 
3495.000000 
3474.000000 
3496.000000 
3532.000000 
3611.000000 
3602.000000 
3587.000000 
3509.000000 
3518.000000 
3544.000000 
3370.000000 
3501.000000 
3627.000000 
3425.000000 
3496.000000 
3454.000000 
3507.000000 
3590.000000 
3506.000000 
3534.000000 
3432.000000 
3486.000000 
3490.000000 
3457.000000 
3548.000000 
3529.000000 
3542.000000 
3562.000000 
3495.000000 
3583.000000 
3542.000000 
3516.000000 
3543.000000 
3567.000000 
3600.000000 
3485.000000 
3511.000000 
3510.000000 
3558.000000 
3551.000000 
3557.000000 
3549.000000 
3589.000000 
3564.000000 
3508.000000 
3563.000000 
3653.000000 
3541.000000 
3644.000000 
3566.000000 
3616.000000 
3611.000000 
3467.000000 
3616.000000 
3557.000000 
3697.000000 
3645.000000 
3674.000000 
3519.000000 
3542.000000 
3609.000000 
3568.000000 
3471.000000 
3688.000000 
3522.000000 
3477.000000 
3566.000000 
3614.000000 
3589.000000 
3564.000000 
3591.000000 
3611.000000 
3716.000000 
3485.000000 
3654.000000 
3612.000000 
3608.000000 
3545.000000 
3623.000000 
3558.000000 
3607.000000 
3608.000000 
3504.000000 
3552.000000 
3547.000000 
3658.000000 
3538.000000 
3659.000000 
3621.000000 
3540.000000 
3657.000000 
3716.000000 
3572.000000 
3565.000000 
3661.000000 
3777.000000 
3546.000000 
3663.000000 
3672.000000 
3503.000000 
3613.000000 
3557.000000 
3684.000000 
3586.000000 
3522.000000 
3558.000000 
3667.000000 
3697.000000 
3595.000000 
3706.000000 
3558.000000 
3648.000000 
3516.000000 
3637.000000 
3607.000000 
3685.000000 
3617.000000 
3516.000000 
3612.000000 
3600.000000 
3622.000000 
3550.000000 
3590.000000 
3666.000000 
3674.000000 
3524.000000 
3685.000000 
3574.000000 
3686.000000 
3624.000000 
3723.000000 
3557.000000 
3670.000000 
3557.000000 
3551.000000 
3692.000000 
3599.000000 
3734.000000 
3599.000000 
3619.000000 
3664.000000 
3739.000000 
3669.000000 
3679.000000 
3640.000000 
3562.000000 
3678.000000 
3626.000000 
3545.000000 
3639.000000 
3695.000000 
3672.000000 
3587.000000 
3585.000000 
3715.000000 
3696.000000 
3711.000000 
3771.000000 
3736.000000 
3634.000000 
3747.000000 
3697.000000 
3732.000000 
3711.000000 
3684.000000 
3835.000000 
3636.000000 
3562.000000 
3610.000000 
3752.000000 
3636.000000 
3702.000000 
3667.000000 
3766.000000 
3614.000000 
3629.000000 
3752.000000 
3656.000000 
3629.000000 
3659.000000 
3734.000000 
3665.000000 
3742.000000 
3613.000000 
3754.000000 
3638.000000 
3655.000000 
3846.000000 
3709.000000 
3629.000000 
3735.000000 
3703.000000 
3570.000000 
3663.000000 
3714.000000 
3689.000000 
3585.000000 
3763.000000 
3768.000000 
3677.000000 
3623.000000 
3665.000000 
3645.000000 
3718.000000 
3779.000000 
3733.000000 
3713.000000 
3766.000000 
3608.000000 
3645.000000 
3710.000000 
3599.000000 
3780.000000 
3788.000000 
3731.000000 
3748.000000 
3677.000000 
3648.000000 
3643.000000 
3662.000000 
3746.000000 
3687.000000 
3705.000000 
3846.000000 
3815.000000 
3752.000000 
3691.000000 
3773.000000 
3651.000000 
3691.000000 
3900.000000 
3742.000000 
3764.000000 
3663.000000 
3711.000000 
3779.000000 
3720.000000 
3796.000000 
3718.000000 
3707.000000 
3856.000000 
3762.000000 
3815.000000 
3905.000000 
3649.000000 
3814.000000 
3598.000000 
3582.000000 
3796.000000 
3672.000000 
3704.000000 
3724.000000 
3829.000000 
3747.000000 
3694.000000 
3774.000000 
3797.000000 
3779.000000 
3644.000000 
3724.000000 
3743.000000 
3807.000000 
3654.000000 
3726.000000 
3695.000000 
3702.000000 
3695.000000 
3755.000000 
3763.000000 
3781.000000 
3775.000000 
3693.000000 
3776.000000 
3754.000000 
3726.000000 
3778.000000 
3833.000000 
3717.000000 
3761.000000 
3780.000000 
3800.000000 
3881.000000 
3837.000000 
3779.000000 
3683.000000 
3729.000000 
3716.000000 
3900.000000 
3760.000000 
3835.000000 
3736.000000 
3788.000000 
3842.000000 
3614.000000 
3767.000000 
3755.000000 
3692.000000 
3784.000000 
3841.000000 
3893.000000 
3847.000000 
3719.000000 
3680.000000 
3829.000000 
3705.000000 
3829.000000 
3847.000000 
3783.000000 
3713.000000 
3755.000000 
3735.000000 
3867.000000 
3680.000000 
3824.000000 
3871.000000 
3845.000000 
3940.000000 
3725.000000 
3849.000000 
3680.000000 
3851.000000 
3840.000000 
3844.000000 
3870.000000 
3805.000000 
3881.000000 
3824.000000 
3782.000000 
3889.000000 
3880.000000 
3783.000000 
3854.000000 
3796.000000 
3899.000000 
3763.000000 
3765.000000 
3870.000000 
3819.000000 
3818.000000 
3904.000000 
3821.000000 
3913.000000 
3822.000000 
3678.000000 
3768.000000 
3724.000000 
3717.000000 
3812.000000 
3848.000000 
3825.000000 
3827.000000 
3874.000000 
3937.000000 
3758.000000 
3982.000000 
3831.000000 
3852.000000 
3913.000000 
3749.000000 
3894.000000 
3712.000000 
3831.000000 
3730.000000 
3844.000000 
3785.000000 
3771.000000 
3864.000000 
3910.000000 
3756.000000 
3866.000000 
3774.000000 
3881.000000 
3810.000000 
3857.000000 
3886.000000 
3810.000000 
3939.000000 
3707.000000 
3739.000000 
3824.000000 
3762.000000 
3758.000000 
3894.000000 
3785.000000 
3818.000000 
3842.000000 
3687.000000 
3850.000000 
3770.000000 
3777.000000 
3919.000000 
3866.000000 
3893.000000 
3808.000000 
3819.000000 
3717.000000 
3787.000000 
3881.000000 
3878.000000 
3742.000000 
3846.000000 
3811.000000 
3776.000000 
3785.000000 
3887.000000 
3827.000000 
3799.000000 
3904.000000 
3897.000000 
3817.000000 
3801.000000 
3745.000000 
3887.000000 
3852.000000 
3805.000000 
3777.000000 
3814.000000 
3939.000000 
3843.000000 
3832.000000 
3887.000000 
3702.000000 
3875.000000 
3868.000000 
3933.000000 
3865.000000 
3901.000000 
3780.000000 
3967.000000 
3885.000000 
3906.000000 
3949.000000 
3880.000000 
3866.000000 
3834.000000 
3826.000000 
3884.000000 
3871.000000 
3826.000000 
3730.000000 
3815.000000 
3765.000000 
3903.000000 
3876.000000 
3882.000000 
3816.000000 
3833.000000 
3937.000000 
3874.000000 
3848.000000 
3829.000000 
3933.000000 
3837.000000 
3755.000000 
3825.000000 
3957.000000 
3904.000000 
3900.000000 
3934.000000 
3954.000000 
3892.000000 
3908.000000 
3786.000000 
3888.000000 
3716.000000 
3844.000000 
3868.000000 
3793.000000 
3926.000000 
3763.000000 
3842.000000 
3904.000000 
3937.000000 
3853.000000 
3751.000000 
3835.000000 
3900.000000 
3806.000000 
3860.000000 
3847.000000 
3831.000000 
3795.000000 
3762.000000 
3869.000000 
3819.000000 
3856.000000 
3845.000000 
3771.000000 
3739.000000 
3823.000000 
3920.000000 
3869.000000 
3860.000000 
3860.000000 
3779.000000 
3842.000000 
4023.000000 
3844.000000 
3789.000000 
3820.000000 
3857.000000 
3847.000000 
3759.000000 
3831.000000 
3813.000000 
3787.000000 
3861.000000 
3853.000000 
3897.000000 
3858.000000 
3837.000000 
3801.000000 
3812.000000 
3751.000000 
3940.000000 
3876.000000 
3803.000000 
3815.000000 
3861.000000 
3811.000000 
3762.000000 
3698.000000 
3714.000000 
3735.000000 
3728.000000 
3836.000000 
3871.000000 
3944.000000 
3910.000000 
3993.000000 
3942.000000 
3835.000000 
3765.000000 
3746.000000 
3713.000000 
3681.000000 
3728.000000 
3616.000000 
3604.000000 
3590.000000 
3554.000000 
3638.000000 
3640.000000 
3651.000000 
3534.000000 
3561.000000 
3553.000000 
3639.000000 
3579.000000 
3625.000000 
3618.000000 
3607.000000 
3576.000000 
3631.000000 
3551.000000 
3602.000000 
3591.000000 
3639.000000 
3671.000000 
3632.000000 
3661.000000 
3581.000000 
3618.000000 
3515.000000 
3655.000000 
3574.000000 
3660.000000 
3660.000000 
3660.000000 
3664.000000 
3662.000000 
3732.000000 
3723.000000 
3673.000000 
3763.000000 
3736.000000 
3819.000000 
3762.000000 
3793.000000 
3865.000000 
3742.000000 
3859.000000 
3900.000000 
3844.000000 
3898.000000 
3854.000000 
4016.000000 
3904.000000 
3872.000000 
4073.000000 
4067.000000 
4094.000000 
4069.000000 
4126.000000 
3971.000000 
4048.000000 
3903.000000 
3957.000000 
3778.000000 
3792.000000 
3778.000000 
3662.000000 
3594.000000 
3556.000000 
3346.000000 
3395.000000 
3363.000000 
3239.000000 
3212.000000 
3270.000000 
3285.000000 
3041.000000 
3175.000000 
3223.000000 
3092.000000 
3133.000000 
3067.000000 
3066.000000 
3021.000000 
2996.000000 
2993.000000 
3078.000000 
2990.000000 
3165.000000 
3033.000000 
3046.000000 
2984.000000 
2994.000000 
3042.000000 
3042.000000 
3028.000000 
2973.000000 
3066.000000 
2995.000000 
3037.000000 
3059.000000 
3015.000000 
3148.000000 
3067.000000 
3164.000000 
3081.000000 
3036.000000 
3118.000000 
3089.000000 
3088.000000 
3235.000000 
3247.000000 
3215.000000 
3259.000000 
3324.000000 
3398.000000 
3366.000000 
3448.000000 
3635.000000 
3670.000000 
3743.000000 
3811.000000 
3746.000000 
3917.000000 
3945.000000 
3845.000000 
3862.000000 
3891.000000 
3911.000000 
3822.000000 
3794.000000 
3617.000000 
3549.000000 
3351.000000 
3185.000000 
3140.000000 
3068.000000 
3015.000000 
2989.000000 
2852.000000 
2880.000000 
2834.000000 
2760.000000 
2772.000000 
2730.000000 
2662.000000 
2562.000000 
2651.000000 
2523.000000 
2562.000000 
2557.000000 
2489.000000 
2532.000000 
2482.000000 
2514.000000 
2436.000000 
2528.000000 
2501.000000 
2515.000000 
2482.000000 
2466.000000 
2545.000000 
2437.000000 
2499.000000 
2440.000000 
2484.000000 
2444.000000 
2388.000000 
2377.000000 
2432.000000 
2399.000000 
2481.000000 
2458.000000 
2404.000000 
2431.000000 
2365.000000 
2407.000000 
2327.000000 
2306.000000 
2401.000000 
2418.000000 
2318.000000 
2356.000000 
2335.000000 
2449.000000 
2369.000000 
2228.000000 
2344.000000 
2136.000000 
2313.000000 
2228.000000 
2282.000000 
2341.000000 
2248.000000 
2196.000000 
2252.000000 
2195.000000 
2136.000000 
2276.000000 
2232.000000 
2196.000000 
2228.000000 
2117.000000 
2124.000000 
2159.000000 
2208.000000 
2082.000000 
2128.000000 
2165.000000 
2146.000000 
2083.000000 
2142.000000 
2039.000000 
2037.000000 
2024.000000 
2020.000000 
2072.000000 
1984.000000 
2013.000000 
1981.000000 
2029.000000 
2056.000000 
2019.000000 
2092.000000 
1997.000000 
2048.000000 
2135.000000 
2097.000000 
2205.000000 
2267.000000 
2210.000000 
2358.000000 
2261.000000 
2357.000000 
2356.000000 
2393.000000 
2491.000000 
2599.000000 
2956.000000 
3517.000000 
4155.000000 
4917.000000 
5977.000000 
6780.000000 
7113.000000 
6885.000000 
6286.000000 
5561.000000 
4403.000000 
3273.000000 
2556.000000 
2309.000000 
2141.000000 
1992.000000 
2055.000000 
1950.000000 
2007.000000 
1949.000000 
1940.000000 
1937.000000 
1979.000000 
1873.000000 
1973.000000 
1881.000000 
1923.000000 
1967.000000 
1958.000000 
1870.000000 
1935.000000 
1926.000000 
1883.000000 
1939.000000 
1958.000000 
1910.000000 
1950.000000 
1907.000000 
1906.000000 
2072.000000 
1907.000000 
1945.000000 
1931.000000 
1938.000000 
1880.000000 
1839.000000 
1991.000000 
1984.000000 
1977.000000 
1877.000000 
1994.000000 
1953.000000 
1893.000000 
1877.000000 
1872.000000 
1958.000000 
1935.000000 
1897.000000 
2000.000000 
1940.000000 
1910.000000 
2014.000000 
1943.000000 
1891.000000 
1931.000000 
1879.000000 
1979.000000 
1897.000000 
1934.000000 
1891.000000 
1905.000000 
1959.000000 
1962.000000 
1961.000000 
1990.000000 
1909.000000 
1978.000000 
1925.000000 
1988.000000 
1956.000000 
1985.000000 
1891.000000 
2025.000000 
1906.000000 
1897.000000 
1870.000000 
1938.000000 
1908.000000 
1876.000000 
1946.000000 
1918.000000 
2011.000000 
1909.000000 
1987.000000 
1978.000000 
1886.000000 
1982.000000 
2056.000000 
1934.000000 
1904.000000 
1904.000000 
1970.000000 
1922.000000 
1929.000000 
1927.000000 
1912.000000 
2007.000000 
1979.000000 
1935.000000 
1944.000000 
1911.000000 
1990.000000 
1958.000000 
2005.000000 
1951.000000 
1927.000000 
1951.000000 
1949.000000 
1931.000000 
1972.000000 
1974.000000 
1941.000000 
1992.000000 
1941.000000 
1958.000000 
1962.000000 
1994.000000 
2083.000000 
1976.000000 
2016.000000 
1986.000000 
1992.000000 
1974.000000 
1953.000000 
1940.000000 
1892.000000 
2113.000000 
1974.000000 
1948.000000 
1851.000000 
1950.000000 
1961.000000 
2053.000000 
1901.000000 
2040.000000 
2065.000000 
1996.000000 
2026.000000 
1993.000000 
2004.000000 
2093.000000 
1985.000000 
2016.000000 
2021.000000 
2061.000000 
1935.000000 
1997.000000 
1994.000000 
1871.000000 
1965.000000 
1987.000000 
1982.000000 
1980.000000 
2035.000000 
1974.000000 
1933.000000 
2039.000000 
2012.000000 
1962.000000 
2061.000000 
1997.000000 
1985.000000 
2081.000000 
1992.000000 
2012.000000 
2032.000000 
1931.000000 
2093.000000 
1974.000000 
2018.000000 
2024.000000 
1963.000000 
1985.000000 
2031.000000 
1950.000000 
2075.000000 
1983.000000 
2070.000000 
1971.000000 
2039.000000 
1986.000000 
2038.000000 
1959.000000 
1954.000000 
1955.000000 
1987.000000 
1997.000000 
2020.000000 
1950.000000 
2016.000000 
2000.000000 
2070.000000 
1989.000000 
1989.000000 
1943.000000 
1900.000000 
2007.000000 
2019.000000 
1989.000000 
1998.000000 
2058.000000 
1985.000000 
2031.000000 
2019.000000 
2026.000000 
2065.000000 
2095.000000 
2065.000000 
2050.000000 
1977.000000 
2002.000000 
1984.000000 
2112.000000 
2060.000000 
2084.000000 
2045.000000 
2054.000000 
2035.000000 
2097.000000 
1996.000000 
2117.000000 
2003.000000 
1982.000000 
2048.000000 
2057.000000 
1992.000000 
2028.000000 
2105.000000 
2013.000000 
1996.000000 
2043.000000 
2060.000000 
2045.000000 
2032.000000 
2091.000000 
1999.000000 
1959.000000 
2025.000000 
2021.000000 
2052.000000 
2057.000000 
2046.000000 
2006.000000 
1995.000000 
2111.000000 
2094.000000 
2039.000000 
2031.000000 
1997.000000 
2040.000000 
2034.000000 
2069.000000 
2056.000000 
2058.000000 
2008.000000 
2045.000000 
2040.000000 
2042.000000 
1947.000000 
2062.000000 
2034.000000 
2112.000000 
2095.000000 
2037.000000 
2023.000000 
1969.000000 
2087.000000 
2066.000000 
2045.000000 
1952.000000 
2062.000000 
2093.000000 
2087.000000 
2000.000000 
2102.000000 
2056.000000 
2114.000000 
2036.000000 
1938.000000 
2054.000000 
2000.000000 
2073.000000 
2147.000000 
2087.000000 
2019.000000 
2042.000000 
2055.000000 
2060.000000 
2053.000000 
2042.000000 
2114.000000 
2043.000000 
2060.000000 
2068.000000 
2030.000000 
2062.000000 
2065.000000 
2088.000000 
2096.000000 
2092.000000 
2053.000000 
2139.000000 
2059.000000 
2043.000000 
2099.000000 
2085.000000 
2019.000000 
2104.000000 
2016.000000 
2098.000000 
2053.000000 
2101.000000 
2038.000000 
2077.000000 
2109.000000 
2008.000000 
2177.000000 
2078.000000 
2133.000000 
2170.000000 
2082.000000 
2127.000000 
2098.000000 
2137.000000 
2088.000000 
1991.000000 
2058.000000 
2151.000000 
2071.000000 
2167.000000 
2065.000000 
2096.000000 
2165.000000 
2110.000000 
2025.000000 
2003.000000 
2054.000000 
2146.000000 
2145.000000 
2097.000000 
2062.000000 
2112.000000 
2056.000000 
2087.000000 
2066.000000 
2073.000000 
2112.000000 
2106.000000 
2182.000000 
2111.000000 
2111.000000 
2036.000000 
2091.000000 
2136.000000 
2023.000000 
2180.000000 
2115.000000 
2071.000000 
2046.000000 
2119.000000 
2092.000000 
2180.000000 
2060.000000 
2094.000000 
2157.000000 
2113.000000 
2142.000000 
2131.000000 
2133.000000 
2083.000000 
2125.000000 
2183.000000 
2123.000000 
2178.000000 
2134.000000 
2118.000000 
2133.000000 
2041.000000 
2181.000000 
2132.000000 
2142.000000 
2188.000000 
2072.000000 
2122.000000 
2100.000000 
2145.000000 
2129.000000 
2165.000000 
2116.000000 
2154.000000 
2177.000000 
2156.000000 
2130.000000 
2038.000000 
2179.000000 
2131.000000 
2204.000000 
2135.000000 
2141.000000 
2203.000000 
2143.000000 
2047.000000 
2167.000000 
2150.000000 
2139.000000 
2167.000000 
2192.000000 
2147.000000 
2241.000000 
2214.000000 
2031.000000 
2139.000000 
2194.000000 
2055.000000 
2066.000000 
2185.000000 
2108.000000 
2178.000000 
2180.000000 
2147.000000 
2124.000000 
2182.000000 
2156.000000 
2093.000000 
2190.000000 
2136.000000 
2210.000000 
2146.000000 
2074.000000 
2093.000000 
2135.000000 
2217.000000 
2129.000000 
2188.000000 
2198.000000 
2135.000000 
2106.000000 
2178.000000 
2114.000000 
2209.000000 
2166.000000 
2187.000000 
2151.000000 
2150.000000 
2111.000000 
2128.000000 
2121.000000 
2128.000000 
2073.000000 
2135.000000 
2196.000000 
2237.000000 
2193.000000 
2225.000000 
2246.000000 
2190.000000 
2172.000000 
2193.000000 
2276.000000 
2293.000000 
2295.000000 
2232.000000 
2230.000000 
2126.000000 
2221.000000 
2208.000000 
2195.000000 
2196.000000 
2171.000000 
2200.000000 
2117.000000 
2153.000000 
2209.000000 
2221.000000 
2183.000000 
2110.000000 
2165.000000 
2169.000000 
2179.000000 
2184.000000 
2247.000000 
2142.000000 
2201.000000 
2128.000000 
2233.000000 
2247.000000 
2179.000000 
2158.000000 
2165.000000 
2119.000000 
2234.000000 
2183.000000 
2172.000000 
2167.000000 
2169.000000 
2099.000000 
2166.000000 
2192.000000 
2217.000000 
2226.000000 
2096.000000 
2093.000000 
2211.000000 
2125.000000 
2196.000000 
2153.000000 
2132.000000 
2101.000000 
2156.000000 
2203.000000 
2215.000000 
2118.000000 
2203.000000 
2203.000000 
2244.000000 
2234.000000 
2343.000000 
2308.000000 
2333.000000 
2282.000000 
2243.000000 
2231.000000 
2268.000000 
2215.000000 
2205.000000 
2229.000000 
2226.000000 
2218.000000 
2042.000000 
2251.000000 
2209.000000 
2157.000000 
2235.000000 
2211.000000 
2223.000000 
2155.000000 
2213.000000 
2217.000000 
2209.000000 
2219.000000 
2210.000000 
2203.000000 
2191.000000 
2213.000000 
2298.000000 
2268.000000 
2146.000000 
2160.000000 
